# Energy vs Function Calls Data
# Columns: Step, Total_Energy_Calls, U_max
# Generated on: 2025-06-13 18:05:29
#
0        20000        21.605352   
0        20000        21.605352   
0        20000        21.605352   
0        20100        21.466213   
0        20200        21.312912   
0        20300        21.166759   
0        20400        21.039375   
0        20500        20.894140   
0        20600        20.762772   
0        20700        20.615168   
0        20800        20.480648   
0        20900        20.347921   
0        21000        20.215246   
0        21100        20.070484   
0        21200        19.931229   
0        21300        19.784939   
0        21400        19.664635   
0        21500        19.527451   
0        21600        19.388416   
0        21700        19.231621   
0        21800        19.087479   
0        21900        18.964199   
0        22000        18.841980   
0        22100        18.731171   
0        22200        18.599518   
0        22300        18.460428   
0        22400        18.331932   
0        22500        18.217863   
0        22600        18.095316   
0        22700        17.960035   
0        22800        17.821430   
0        22900        17.677782   
0        23000        17.542387   
0        23100        17.414608   
0        23200        17.283949   
0        23300        17.175772   
0        23400        17.072594   
0        23500        16.964272   
0        23600        16.850386   
0        23700        16.742710   
0        23800        16.658670   
0        23900        16.554718   
0        24000        16.459194   
0        24100        16.359501   
0        24200        16.248634   
0        24300        16.133636   
0        24400        16.042068   
0        24500        15.933343   
0        24600        15.815090   
0        24700        15.710484   
0        24800        15.625937   
0        24900        15.552526   
0        25000        15.445782   
0        25100        15.339668   
0        25200        15.254877   
0        25300        15.180618   
0        25400        15.073919   
0        25500        14.993806   
0        25600        14.894448   
0        25700        14.804332   
0        25800        14.712387   
0        25900        14.624585   
0        26000        14.529715   
0        26100        14.432313   
0        26200        14.322939   
0        26300        14.246833   
0        26400        14.147537   
0        26500        14.066961   
0        26600        13.989964   
0        26700        13.915792   
0        26800        13.832288   
0        26900        13.760190   
0        27000        13.680017   
0        27100        13.603560   
0        27200        13.543272   
0        27300        13.473665   
0        27400        13.400038   
0        27500        13.326508   
0        27600        13.252445   
0        27700        13.167770   
0        27800        13.112655   
0        27900        13.044226   
0        28000        12.978902   
0        28100        12.906169   
0        28200        12.835459   
0        28300        12.753030   
0        28400        12.687508   
0        28500        12.625164   
0        28600        12.561007   
0        28700        12.476534   
0        28800        12.410181   
0        28900        12.359343   
0        29000        12.292531   
0        29100        12.231348   
0        29200        12.158023   
0        29300        12.094305   
0        29400        12.025841   
0        29500        11.965604   
0        29600        11.905312   
0        29700        11.836634   
0        29800        11.768322   
0        29900        11.691395   
0        30000        11.644739   
0        30100        11.598379   
0        30200        11.552042   
0        30300        11.483894   
0        30400        11.420674   
0        30500        11.386623   
0        30600        11.336556   
0        30700        11.285826   
0        30800        11.243336   
0        30900        11.189638   
0        31000        11.143882   
0        31100        11.098679   
0        31200        11.035957   
0        31300        10.988810   
0        31400        10.931776   
0        31500        10.879992   
0        31600        10.837296   
0        31700        10.794048   
0        31800        10.754726   
0        31900        10.698912   
0        32000        10.658481   
0        32100        10.613558   
0        32200        10.561728   
0        32300        10.514464   
0        32400        10.476329   
0        32500        10.434858   
0        32600        10.386657   
0        32700        10.338910   
0        32800        10.298628   
0        32900        10.258579   
0        33000        10.214314   
0        33100        10.160892   
0        33200        10.124305   
0        33300        10.067142   
0        33400        10.013348   
0        33500        9.970234    
0        33600        9.926491    
0        33700        9.888117    
0        33800        9.845761    
0        33900        9.802112    
0        34000        9.762417    
0        34100        9.716894    
0        34200        9.667241    
0        34300        9.632175    
0        34400        9.588625    
0        34500        9.534964    
0        34600        9.496992    
0        34700        9.461509    
0        34800        9.417890    
0        34900        9.377386    
0        35000        9.336706    
0        35100        9.285655    
0        35200        9.245162    
0        35300        9.205456    
0        35400        9.172340    
0        35500        9.126166    
0        35600        9.081491    
0        35700        9.034234    
0        35800        9.003010    
0        35900        8.964680    
0        36000        8.929162    
0        36100        8.891693    
0        36200        8.857193    
0        36300        8.824662    
0        36400        8.785220    
0        36500        8.748924    
0        36600        8.711728    
0        36700        8.676058    
0        36800        8.650593    
0        36900        8.621502    
0        37000        8.588943    
0        37100        8.557142    
0        37200        8.526287    
0        37300        8.481311    
0        37400        8.441152    
0        37500        8.410515    
0        37600        8.369626    
0        37700        8.338034    
0        37800        8.306277    
0        37900        8.276531    
0        38000        8.247495    
0        38100        8.215728    
0        38200        8.182969    
0        38300        8.150485    
0        38400        8.119433    
0        38500        8.091150    
0        38600        8.062473    
0        38700        8.032474    
0        38800        8.004744    
0        38900        7.973072    
0        39000        7.941936    
0        39100        7.916336    
0        39200        7.886703    
0        39300        7.866804    
0        39400        7.846022    
0        39500        7.815528    
0        39600        7.793301    
0        39700        7.758997    
0        39800        7.731821    
0        39900        7.699528    
0        40000        7.666790    
0        60000        7.666790    
1        160000       7.666502    
101      10160000     7.611621    
201      20160000     7.553666    
301      30160000     7.497221    
401      40160000     7.442779    
501      50160000     7.396523    
601      60160000     7.343335    
701      70160000     7.286379    
801      80160000     7.238919    
901      90160000     7.181633    
1001     100160000    7.133973    
1101     110160000    7.087675    
1201     120160000    7.039325    
1301     130160000    6.996888    
1401     140160000    6.952980    
1501     150160000    6.901350    
1601     160160000    6.855184    
1701     170160000    6.809057    
1801     180160000    6.761456    
1901     190160000    6.719615    
2001     200160000    6.677123    
2101     210160000    6.633863    
2201     220160000    6.587121    
2301     230160000    6.543647    
2401     240160000    6.490226    
2501     250160000    6.450292    
2601     260160000    6.410386    
2701     270160000    6.370547    
2801     280160000    6.325407    
2901     290160000    6.286968    
3001     300160000    6.246251    
3101     310160000    6.209618    
3201     320160000    6.161855    
3301     330160000    6.126570    
3401     340160000    6.085603    
3501     350160000    6.045297    
3601     360160000    6.006606    
3701     370160000    5.973214    
3801     380160000    5.938229    
3901     390160000    5.898564    
4001     400160000    5.862963    
4101     410160000    5.824706    
4201     420160000    5.793643    
4301     430160000    5.757167    
4401     440160000    5.715258    
4501     450160000    5.677380    
4601     460160000    5.645045    
4701     470160000    5.606612    
4801     480160000    5.577522    
4901     490160000    5.539780    
5001     500160000    5.503999    
5101     510160000    5.471309    
5201     520160000    5.441297    
5301     530160000    5.403634    
5401     540160000    5.368692    
5501     550160000    5.337286    
5601     560160000    5.309065    
5701     570160000    5.275497    
5801     580160000    5.236545    
5901     590160000    5.203464    
6001     600160000    5.172845    
6101     610160000    5.139181    
6201     620160000    5.109809    
6301     630160000    5.079446    
6401     640160000    5.041503    
6501     650160000    5.006312    
6601     660160000    4.977763    
6701     670160000    4.945798    
6801     680160000    4.913893    
6901     690160000    4.889034    
7001     700160000    4.857184    
7101     710160000    4.824488    
7201     720160000    4.792316    
7301     730160000    4.765075    
7401     740160000    4.740533    
7500     750060000    4.713894    
7500     750060000    4.713894    
7500     750060000    4.713894    
7500     750060100    4.681384    
7500     750060200    4.655521    
7500     750060300    4.629778    
7500     750060400    4.601879    
7500     750060500    4.572549    
7500     750060600    4.545670    
7500     750060700    4.514741    
7500     750060800    4.491372    
7500     750060900    4.463973    
7500     750061000    4.440079    
7500     750061100    4.409904    
7500     750061200    4.386467    
7500     750061300    4.361045    
7500     750061400    4.340405    
7500     750061500    4.319415    
7500     750061600    4.293144    
7500     750061700    4.275980    
7500     750061800    4.255870    
7500     750061900    4.235000    
7500     750062000    4.214277    
7500     750062100    4.192984    
7500     750062200    4.174721    
7500     750062300    4.153605    
7500     750062400    4.128297    
7500     750062500    4.105631    
7500     750062600    4.087954    
7500     750062700    4.068863    
7500     750062800    4.048206    
7500     750062900    4.031849    
7500     750063000    4.008223    
7500     750063100    3.989686    
7500     750063200    3.966317    
7500     750063300    3.947692    
7500     750063400    3.931415    
7500     750063500    3.915117    
7500     750063600    3.897665    
7500     750063700    3.879154    
7500     750063800    3.863534    
7500     750063900    3.846341    
7500     750064000    3.826892    
7500     750064100    3.811999    
7500     750064200    3.795390    
7500     750064300    3.779745    
7500     750064400    3.763870    
7500     750064500    3.748197    
7500     750064600    3.727806    
7500     750064700    3.712571    
7500     750064800    3.696530    
7500     750064900    3.679970    
7500     750065000    3.662414    
7500     750065100    3.647852    
7500     750065200    3.635087    
7500     750065300    3.620766    
7500     750065400    3.606117    
7500     750065500    3.593895    
7500     750065600    3.581594    
7500     750065700    3.568939    
7500     750065800    3.554059    
7500     750065900    3.543503    
7500     750066000    3.528167    
7500     750066100    3.517304    
7500     750066200    3.507000    
7500     750066300    3.496318    
7500     750066400    3.484907    
7500     750066500    3.474457    
7500     750066600    3.462712    
7500     750066700    3.451042    
7500     750066800    3.436728    
7500     750066900    3.426584    
7500     750067000    3.415459    
7500     750067100    3.405987    
7500     750067200    3.395192    
7500     750067300    3.383861    
7500     750067400    3.372386    
7500     750067500    3.362723    
7500     750067600    3.353554    
7500     750067700    3.341767    
7500     750067800    3.332790    
7500     750067900    3.324462    
7500     750068000    3.316072    
7500     750068100    3.307383    
7500     750068200    3.298723    
7500     750068300    3.287715    
7500     750068400    3.279560    
7500     750068500    3.270420    
7500     750068600    3.263245    
7500     750068700    3.255310    
7500     750068800    3.248322    
7500     750068900    3.243471    
7500     750069000    3.235627    
7500     750069100    3.228508    
7500     750069200    3.222690    
7500     750069300    3.216471    
7500     750069400    3.210977    
7500     750069500    3.205638    
7500     750069600    3.200922    
7500     750069700    3.194914    
7500     750069800    3.189104    
7500     750069900    3.182206    
7500     750070000    3.175686    
7500     750070100    3.170021    
7500     750070200    3.162934    
7500     750070300    3.156117    
7500     750070400    3.150016    
7500     750070500    3.143861    
7500     750070600    3.137495    
7500     750070700    3.129960    
7500     750070800    3.123755    
7500     750070900    3.116312    
7500     750071000    3.108017    
7500     750071100    3.101536    
7500     750071200    3.093613    
7500     750071300    3.085022    
7500     750071400    3.077569    
7500     750071500    3.069088    
7500     750071600    3.060858    
7500     750071700    3.052392    
7500     750071800    3.045248    
7500     750071900    3.037832    
7500     750072000    3.031510    
7500     750072100    3.024442    
7500     750072200    3.015472    
7500     750072300    3.007557    
7500     750072400    3.000724    
7500     750072500    2.993495    
7500     750072600    2.985679    
7500     750072700    2.979925    
7500     750072800    2.973635    
7500     750072900    2.966323    
7500     750073000    2.959396    
7500     750073100    2.951383    
7500     750073200    2.943920    
7500     750073300    2.937307    
7500     750073400    2.929162    
7500     750073500    2.921938    
7500     750073600    2.915252    
7500     750073700    2.907820    
7500     750073800    2.900144    
7500     750073900    2.894057    
7500     750074000    2.888012    
7500     750074100    2.881272    
7500     750074200    2.875540    
7500     750074300    2.867833    
7500     750074400    2.860379    
7500     750074500    2.853847    
7500     750074600    2.848504    
7500     750074700    2.840590    
7500     750074800    2.834938    
7500     750074900    2.828076    
7500     750075000    2.820867    
7500     750075100    2.813491    
7500     750075200    2.807518    
7500     750075300    2.801052    
7500     750075400    2.794212    
7500     750075500    2.788386    
7500     750075600    2.781526    
7500     750075700    2.775761    
7500     750075800    2.769337    
7500     750075900    2.762895    
7500     750076000    2.757683    
7500     750076100    2.749880    
7500     750076200    2.741372    
7500     750076300    2.733794    
7500     750076400    2.726994    
7500     750076500    2.722646    
7500     750076600    2.715869    
7500     750076700    2.709726    
7500     750076800    2.703290    
7500     750076900    2.697800    
7500     750077000    2.690145    
7500     750077100    2.683993    
7500     750077200    2.676462    
7500     750077300    2.669600    
7500     750077400    2.662161    
7500     750077500    2.654716    
7500     750077600    2.648743    
7500     750077700    2.643347    
7500     750077800    2.638904    
7500     750077900    2.631458    
7500     750078000    2.624487    
7500     750078100    2.618427    
7500     750078200    2.612791    
7500     750078300    2.607574    
7500     750078400    2.600901    
7500     750078500    2.594509    
7500     750078600    2.583171    
7500     750078700    2.570897    
7500     750078800    2.554912    
7500     750078900    2.546639    
7500     750079000    2.532149    
7500     750079100    2.517767    
7500     750079200    2.504953    
7500     750079300    2.491488    
7500     750079400    2.477628    
7500     750079500    2.464748    
7500     750079600    2.452513    
7500     750079700    2.442138    
7500     750079800    2.431653    
7500     750079900    2.423132    
7500     750080000    2.413945    
7500     750100000    2.413945    
7501     750200000    2.413787    
7601     760200000    2.389392    
7701     770200000    2.370499    
7801     780200000    2.347903    
7901     790200000    2.327761    
8001     800200000    2.307384    
8101     810200000    2.281532    
8201     820200000    2.259723    
8301     830200000    2.235837    
8401     840200000    2.215553    
8501     850200000    2.190804    
8601     860200000    2.168290    
8701     870200000    2.147211    
8801     880200000    2.124250    
8901     890200000    2.102623    
9001     900200000    2.080258    
9101     910200000    2.060931    
9201     920200000    2.041285    
9301     930200000    2.014793    
9401     940200000    1.994000    
9501     950200000    1.974858    
9601     960200000    1.953914    
9701     970200000    1.935027    
9801     980200000    1.910688    
9901     990200000    1.889126    
10001    1000200000   1.869057    
10101    1010200000   1.847985    
10201    1020200000   1.828894    
10301    1030200000   1.804954    
10401    1040200000   1.783744    
10501    1050200000   1.761332    
10601    1060200000   1.742919    
10701    1070200000   1.721595    
10801    1080200000   1.695805    
10901    1090200000   1.672822    
11001    1100200000   1.655002    
11101    1110200000   1.635585    
11201    1120200000   1.611066    
11301    1130200000   1.588553    
11401    1140200000   1.567593    
11501    1150200000   1.549489    
11601    1160200000   1.529784    
11701    1170200000   1.511469    
11801    1180200000   1.489974    
11901    1190200000   1.468579    
12001    1200200000   1.450661    
12101    1210200000   1.428069    
12201    1220200000   1.405966    
12301    1230200000   1.382464    
12401    1240200000   1.360923    
12500    1250100000   1.341626    
12500    1250100000   1.341626    
12500    1250100000   1.341626    
12500    1250100100   1.319907    
12500    1250100200   1.300237    
12500    1250100300   1.281341    
12500    1250100400   1.262215    
12500    1250100500   1.244687    
12500    1250100600   1.229085    
12500    1250100700   1.209934    
12500    1250100800   1.191908    
12500    1250100900   1.172472    
12500    1250101000   1.152257    
12500    1250101100   1.136812    
12500    1250101200   1.118325    
12500    1250101300   1.096497    
12500    1250101400   1.080304    
12500    1250101500   1.063742    
12500    1250101600   1.043377    
12500    1250101700   1.026179    
12500    1250101800   1.009820    
12500    1250101900   0.990489    
12500    1250102000   0.969915    
12500    1250102100   0.952113    
12500    1250102200   0.932136    
12500    1250102300   0.915741    
12500    1250102400   0.899155    
12500    1250102500   0.881744    
12500    1250102600   0.859607    
12500    1250102700   0.842416    
12500    1250102800   0.825710    
12500    1250102900   0.804638    
12500    1250103000   0.789315    
12500    1250103100   0.771597    
12500    1250103200   0.755650    
12500    1250103300   0.740357    
12500    1250103400   0.724133    
12500    1250103500   0.707619    
12500    1250103600   0.692921    
12500    1250103700   0.679820    
12500    1250103800   0.665561    
12500    1250103900   0.651926    
12500    1250104000   0.634890    
12500    1250104100   0.619325    
12500    1250104200   0.605869    
12500    1250104300   0.587873    
12500    1250104400   0.572553    
12500    1250104500   0.556397    
12500    1250104600   0.540965    
12500    1250104700   0.523318    
12500    1250104800   0.508433    
12500    1250104900   0.493842    
12500    1250105000   0.475167    
12500    1250105100   0.462614    
12500    1250105200   0.449433    
12500    1250105300   0.431734    
12500    1250105400   0.416312    
12500    1250105500   0.401922    
12500    1250105600   0.390900    
12500    1250105700   0.376174    
12500    1250105800   0.362541    
12500    1250105900   0.347605    
12500    1250106000   0.333058    
12500    1250106100   0.318897    
12500    1250106200   0.304096    
12500    1250106300   0.291333    
12500    1250106400   0.277017    
12500    1250106500   0.263197    
12500    1250106600   0.248856    
12500    1250106700   0.236903    
12500    1250106800   0.227542    
12500    1250106900   0.213935    
12500    1250107000   0.202959    
12500    1250107100   0.188762    
12500    1250107200   0.175600    
12500    1250107300   0.164211    
12500    1250107400   0.150022    
12500    1250107500   0.138422    
12500    1250107600   0.126517    
12500    1250107700   0.115932    
12500    1250107800   0.101789    
12500    1250107900   0.090587    
12500    1250108000   0.078201    
12500    1250108100   0.064089    
12500    1250108200   0.053699    
12500    1250108300   0.042094    
12500    1250108400   0.028968    
12500    1250108500   0.016687    
12500    1250108600   0.004053    
12500    1250108700   -0.006168   
12500    1250108800   -0.017635   
12500    1250108900   -0.031053   
12500    1250109000   -0.041884   
12500    1250109100   -0.052125   
12500    1250109200   -0.063632   
12500    1250109300   -0.076502   
12500    1250109400   -0.085765   
12500    1250109500   -0.096834   
12500    1250109600   -0.107085   
12500    1250109700   -0.117869   
12500    1250109800   -0.129970   
12500    1250109900   -0.142922   
12500    1250110000   -0.154637   
12500    1250110100   -0.163185   
12500    1250110200   -0.174845   
12500    1250110300   -0.186708   
12500    1250110400   -0.195873   
12500    1250110500   -0.205397   
12500    1250110600   -0.213824   
12500    1250110700   -0.222336   
12500    1250110800   -0.229214   
12500    1250110900   -0.240631   
12500    1250111000   -0.250747   
12500    1250111100   -0.260024   
12500    1250111200   -0.271515   
12500    1250111300   -0.280899   
12500    1250111400   -0.291440   
12500    1250111500   -0.301718   
12500    1250111600   -0.313018   
12500    1250111700   -0.320566   
12500    1250111800   -0.330821   
12500    1250111900   -0.338168   
12500    1250112000   -0.347046   
12500    1250112100   -0.357057   
12500    1250112200   -0.363746   
12500    1250112300   -0.373263   
12500    1250112400   -0.382868   
12500    1250112500   -0.394354   
12500    1250112600   -0.402364   
12500    1250112700   -0.412925   
12500    1250112800   -0.420811   
12500    1250112900   -0.428668   
12500    1250113000   -0.437645   
12500    1250113100   -0.446085   
12500    1250113200   -0.455116   
12500    1250113300   -0.463517   
12500    1250113400   -0.471413   
12500    1250113500   -0.480720   
12500    1250113600   -0.489550   
12500    1250113700   -0.498296   
12500    1250113800   -0.509210   
12500    1250113900   -0.520140   
12500    1250114000   -0.526904   
12500    1250114100   -0.538149   
12500    1250114200   -0.545553   
12500    1250114300   -0.552242   
12500    1250114400   -0.560994   
12500    1250114500   -0.568893   
12500    1250114600   -0.580482   
12500    1250114700   -0.588169   
12500    1250114800   -0.596413   
12500    1250114900   -0.603395   
12500    1250115000   -0.612273   
12500    1250115100   -0.621908   
12500    1250115200   -0.628974   
12500    1250115300   -0.636170   
12500    1250115400   -0.643066   
12500    1250115500   -0.649541   
12500    1250115600   -0.657308   
12500    1250115700   -0.665033   
12500    1250115800   -0.673208   
12500    1250115900   -0.679982   
12500    1250116000   -0.686471   
12500    1250116100   -0.694365   
12500    1250116200   -0.700624   
12500    1250116300   -0.707424   
12500    1250116400   -0.715230   
12500    1250116500   -0.721117   
12500    1250116600   -0.727109   
12500    1250116700   -0.734839   
12500    1250116800   -0.742376   
12500    1250116900   -0.749651   
12500    1250117000   -0.757568   
12500    1250117100   -0.763185   
12500    1250117200   -0.769383   
12500    1250117300   -0.775832   
12500    1250117400   -0.782534   
12500    1250117500   -0.789467   
12500    1250117600   -0.795222   
12500    1250117700   -0.802845   
12500    1250117800   -0.810130   
12500    1250117900   -0.816865   
12500    1250118000   -0.823373   
12500    1250118100   -0.829611   
12500    1250118200   -0.836785   
12500    1250118300   -0.842747   
12500    1250118400   -0.850194   
12500    1250118500   -0.858062   
12500    1250118600   -0.864727   
12500    1250118700   -0.872001   
12500    1250118800   -0.878741   
12500    1250118900   -0.885899   
12500    1250119000   -0.892855   
12500    1250119100   -0.898407   
12500    1250119200   -0.908312   
12500    1250119300   -0.915405   
12500    1250119400   -0.922800   
12500    1250119500   -0.928963   
12500    1250119600   -0.934839   
12500    1250119700   -0.940031   
12500    1250119800   -0.947986   
12500    1250119900   -0.953410   
12500    1250120000   -0.958680   
12500    1250140000   -0.958680   
12501    1250240000   -0.958695   
12601    1260240000   -0.970692   
12701    1270240000   -0.982742   
12801    1280240000   -0.994604   
12901    1290240000   -1.005852   
13001    1300240000   -1.016320   
13101    1310240000   -1.028153   
13201    1320240000   -1.039814   
13301    1330240000   -1.050620   
13401    1340240000   -1.063091   
13501    1350240000   -1.076119   
13601    1360240000   -1.088148   
13701    1370240000   -1.099635   
13801    1380240000   -1.111775   
13901    1390240000   -1.121914   
14001    1400240000   -1.131440   
14101    1410240000   -1.143500   
14201    1420240000   -1.152960   
14301    1430240000   -1.162342   
14401    1440240000   -1.174556   
14501    1450240000   -1.185448   
14601    1460240000   -1.196816   
14701    1470240000   -1.206800   
14801    1480240000   -1.217460   
14901    1490240000   -1.229432   
15001    1500240000   -1.238106   
15101    1510240000   -1.248502   
15201    1520240000   -1.259156   
15301    1530240000   -1.267737   
15401    1540240000   -1.279179   
15501    1550240000   -1.288773   
15601    1560240000   -1.299219   
15701    1570240000   -1.307719   
15801    1580240000   -1.316240   
15901    1590240000   -1.327924   
16001    1600240000   -1.337395   
16101    1610240000   -1.346418   
16201    1620240000   -1.354904   
16250    1625140000   -1.359007   
16250    1625140000   -1.359007   
16250    1625140000   -1.359007   
16250    1625140100   -1.369278   
16250    1625140200   -1.378816   
16250    1625140300   -1.386675   
16250    1625140400   -1.395246   
16250    1625140500   -1.403689   
16250    1625140600   -1.414106   
16250    1625140700   -1.424363   
16250    1625140800   -1.434324   
16250    1625140900   -1.443223   
16250    1625141000   -1.452583   
16250    1625141100   -1.462333   
16250    1625141200   -1.469960   
16250    1625141300   -1.478281   
16250    1625141400   -1.486883   
16250    1625141500   -1.496101   
16250    1625141600   -1.506518   
16250    1625141700   -1.514801   
16250    1625141800   -1.522642   
16250    1625141900   -1.531397   
16250    1625142000   -1.539717   
16250    1625142100   -1.546081   
16250    1625142200   -1.554561   
16250    1625142300   -1.562324   
16250    1625142400   -1.571447   
16250    1625142500   -1.578765   
16250    1625142600   -1.585837   
16250    1625142700   -1.594263   
16250    1625142800   -1.603598   
16250    1625142900   -1.611229   
16250    1625143000   -1.618722   
16250    1625143100   -1.624542   
16250    1625143200   -1.632427   
16250    1625143300   -1.639525   
16250    1625143400   -1.646770   
16250    1625143500   -1.653860   
16250    1625143600   -1.660627   
16250    1625143700   -1.666716   
16250    1625143800   -1.672685   
16250    1625143900   -1.681852   
16250    1625144000   -1.689871   
16250    1625144100   -1.697137   
16250    1625144200   -1.704137   
16250    1625144300   -1.711067   
16250    1625144400   -1.717214   
16250    1625144500   -1.724512   
16250    1625144600   -1.731446   
16250    1625144700   -1.738390   
16250    1625144800   -1.745161   
16250    1625144900   -1.751535   
16250    1625145000   -1.757429   
16250    1625145100   -1.765478   
16250    1625145200   -1.772077   
16250    1625145300   -1.780363   
16250    1625145400   -1.786357   
16250    1625145500   -1.793462   
16250    1625145600   -1.800470   
16250    1625145700   -1.806964   
16250    1625145800   -1.812613   
16250    1625145900   -1.818980   
16250    1625146000   -1.826569   
16250    1625146100   -1.830968   
16250    1625146200   -1.835876   
16250    1625146300   -1.841845   
16250    1625146400   -1.848556   
16250    1625146500   -1.855765   
16250    1625146600   -1.861552   
16250    1625146700   -1.866351   
16250    1625146800   -1.872118   
16250    1625146900   -1.878215   
16250    1625147000   -1.884232   
16250    1625147100   -1.889030   
16250    1625147200   -1.893355   
16250    1625147300   -1.898340   
16250    1625147400   -1.903572   
16250    1625147500   -1.908290   
16250    1625147600   -1.913525   
16250    1625147700   -1.918253   
16250    1625147800   -1.923502   
16250    1625147900   -1.927733   
16250    1625148000   -1.932602   
16250    1625148100   -1.937077   
16250    1625148200   -1.943536   
16250    1625148300   -1.948683   
16250    1625148400   -1.954076   
16250    1625148500   -1.959089   
16250    1625148600   -1.964344   
16250    1625148700   -1.968686   
16250    1625148800   -1.973012   
16250    1625148900   -1.978035   
16250    1625149000   -1.983190   
16250    1625149100   -1.987510   
16250    1625149200   -1.992266   
16250    1625149300   -1.996781   
16250    1625149400   -2.001045   
16250    1625149500   -2.005784   
16250    1625149600   -2.010204   
16250    1625149700   -2.014781   
16250    1625149800   -2.018649   
16250    1625149900   -2.023358   
16250    1625150000   -2.029398   
16250    1625150100   -2.033400   
16250    1625150200   -2.037569   
16250    1625150300   -2.040765   
16250    1625150400   -2.044924   
16250    1625150500   -2.049357   
16250    1625150600   -2.054063   
16250    1625150700   -2.057800   
16250    1625150800   -2.062212   
16250    1625150900   -2.066824   
16250    1625151000   -2.071317   
16250    1625151100   -2.076109   
16250    1625151200   -2.079672   
16250    1625151300   -2.082386   
16250    1625151400   -2.085488   
16250    1625151500   -2.088204   
16250    1625151600   -2.091946   
16250    1625151700   -2.096315   
16250    1625151800   -2.100798   
16250    1625151900   -2.104803   
16250    1625152000   -2.108533   
16250    1625152100   -2.112342   
16250    1625152200   -2.115450   
16250    1625152300   -2.119315   
16250    1625152400   -2.123749   
16250    1625152500   -2.127517   
16250    1625152600   -2.131243   
16250    1625152700   -2.135790   
16250    1625152800   -2.139469   
16250    1625152900   -2.143140   
16250    1625153000   -2.146133   
16250    1625153100   -2.149880   
16250    1625153200   -2.153421   
16250    1625153300   -2.156712   
16250    1625153400   -2.159063   
16250    1625153500   -2.161304   
16250    1625153600   -2.164280   
16250    1625153700   -2.167632   
16250    1625153800   -2.171273   
16250    1625153900   -2.174451   
16250    1625154000   -2.177418   
16250    1625154100   -2.180508   
16250    1625154200   -2.183657   
16250    1625154300   -2.186528   
16250    1625154400   -2.189777   
16250    1625154500   -2.192817   
16250    1625154600   -2.196679   
16250    1625154700   -2.199635   
16250    1625154800   -2.203034   
16250    1625154900   -2.205680   
16250    1625155000   -2.208942   
16250    1625155100   -2.212053   
16250    1625155200   -2.214103   
16250    1625155300   -2.217194   
16250    1625155400   -2.220507   
16250    1625155500   -2.223538   
16250    1625155600   -2.226568   
16250    1625155700   -2.229818   
16250    1625155800   -2.232860   
16250    1625155900   -2.236411   
16250    1625156000   -2.240354   
16250    1625156100   -2.243246   
16250    1625156200   -2.245760   
16250    1625156300   -2.248063   
16250    1625156400   -2.250878   
16250    1625156500   -2.253565   
16250    1625156600   -2.256222   
16250    1625156700   -2.259378   
16250    1625156800   -2.262225   
16250    1625156900   -2.264964   
16250    1625157000   -2.268043   
16250    1625157100   -2.271688   
16250    1625157200   -2.275046   
16250    1625157300   -2.278192   
16250    1625157400   -2.280576   
16250    1625157500   -2.283240   
16250    1625157600   -2.286246   
16250    1625157700   -2.289035   
16250    1625157800   -2.291833   
16250    1625157900   -2.294549   
16250    1625158000   -2.297181   
16250    1625158100   -2.299745   
16250    1625158200   -2.302680   
16250    1625158300   -2.305046   
16250    1625158400   -2.307669   
16250    1625158500   -2.309874   
16250    1625158600   -2.313127   
16250    1625158700   -2.316484   
16250    1625158800   -2.319514   
16250    1625158900   -2.322321   
16250    1625159000   -2.324809   
16250    1625159100   -2.326522   
16250    1625159200   -2.329510   
16250    1625159300   -2.331951   
16250    1625159400   -2.334617   
16250    1625159500   -2.337204   
16250    1625159600   -2.339529   
16250    1625159700   -2.342695   
16250    1625159800   -2.344999   
16250    1625159900   -2.347847   
16250    1625160000   -2.349875   
16250    1625180000   -2.349875   
16251    1625280000   -2.349899   
16351    1635280000   -2.355070   
16451    1645280000   -2.360451   
16551    1655280000   -2.364403   
16651    1665280000   -2.370397   
16751    1675280000   -2.375087   
16851    1685280000   -2.379479   
16951    1695280000   -2.383692   
17051    1705280000   -2.388275   
17151    1715280000   -2.392994   
17251    1725280000   -2.397799   
17351    1735280000   -2.402573   
17451    1745280000   -2.406865   
17551    1755280000   -2.411155   
17651    1765280000   -2.415533   
17751    1775280000   -2.420655   
17851    1785280000   -2.426418   
17951    1795280000   -2.430423   
18051    1805280000   -2.433933   
18151    1815280000   -2.438898   
18251    1825280000   -2.443865   
18351    1835280000   -2.447645   
18451    1845280000   -2.452072   
18551    1855280000   -2.456869   
18651    1865280000   -2.461994   
18751    1875280000   -2.466408   
18851    1885280000   -2.470906   
18951    1895280000   -2.475664   
19051    1905280000   -2.479980   
19151    1915280000   -2.484142   
19250    1925180000   -2.488119   
19250    1925180000   -2.488119   
19250    1925180000   -2.488119   
19250    1925180100   -2.491716   
19250    1925180200   -2.495800   
19250    1925180300   -2.499233   
19250    1925180400   -2.502791   
19250    1925180500   -2.506610   
19250    1925180600   -2.510556   
19250    1925180700   -2.514200   
19250    1925180800   -2.518018   
19250    1925180900   -2.521899   
19250    1925181000   -2.525330   
19250    1925181100   -2.529056   
19250    1925181200   -2.532784   
19250    1925181300   -2.536622   
19250    1925181400   -2.540045   
19250    1925181500   -2.543959   
19250    1925181600   -2.547610   
19250    1925181700   -2.551238   
19250    1925181800   -2.555474   
19250    1925181900   -2.558745   
19250    1925182000   -2.562503   
19250    1925182100   -2.566372   
19250    1925182200   -2.569732   
19250    1925182300   -2.573081   
19250    1925182400   -2.577167   
19250    1925182500   -2.579985   
19250    1925182600   -2.583553   
19250    1925182700   -2.586884   
19250    1925182800   -2.590069   
19250    1925182900   -2.593223   
19250    1925183000   -2.597268   
19250    1925183100   -2.600813   
19250    1925183200   -2.603508   
19250    1925183300   -2.607214   
19250    1925183400   -2.610070   
19250    1925183500   -2.613538   
19250    1925183600   -2.617270   
19250    1925183700   -2.620441   
19250    1925183800   -2.623360   
19250    1925183900   -2.626531   
19250    1925184000   -2.629937   
19250    1925184100   -2.632896   
19250    1925184200   -2.636023   
19250    1925184300   -2.639231   
19250    1925184400   -2.642899   
19250    1925184500   -2.646467   
19250    1925184600   -2.649359   
19250    1925184700   -2.652639   
19250    1925184800   -2.655781   
19250    1925184900   -2.658661   
19250    1925185000   -2.661892   
19250    1925185100   -2.664005   
19250    1925185200   -2.666832   
19250    1925185300   -2.669571   
19250    1925185400   -2.672865   
19250    1925185500   -2.676586   
19250    1925185600   -2.679269   
19250    1925185700   -2.681273   
19250    1925185800   -2.684452   
19250    1925185900   -2.686754   
19250    1925186000   -2.689756   
19250    1925186100   -2.693014   
19250    1925186200   -2.695887   
19250    1925186300   -2.699107   
19250    1925186400   -2.701296   
19250    1925186500   -2.704089   
19250    1925186600   -2.706738   
19250    1925186700   -2.709638   
19250    1925186800   -2.711983   
19250    1925186900   -2.714981   
19250    1925187000   -2.717537   
19250    1925187100   -2.719801   
19250    1925187200   -2.722035   
19250    1925187300   -2.724222   
19250    1925187400   -2.726811   
19250    1925187500   -2.729637   
19250    1925187600   -2.731398   
19250    1925187700   -2.733841   
19250    1925187800   -2.736286   
19250    1925187900   -2.739152   
19250    1925188000   -2.741817   
19250    1925188100   -2.744285   
19250    1925188200   -2.746250   
19250    1925188300   -2.748692   
19250    1925188400   -2.750996   
19250    1925188500   -2.753300   
19250    1925188600   -2.755452   
19250    1925188700   -2.757299   
19250    1925188800   -2.759263   
19250    1925188900   -2.761632   
19250    1925189000   -2.764266   
19250    1925189100   -2.766586   
19250    1925189200   -2.768531   
19250    1925189300   -2.770458   
19250    1925189400   -2.772379   
19250    1925189500   -2.774530   
19250    1925189600   -2.776589   
19250    1925189700   -2.779068   
19250    1925189800   -2.780947   
19250    1925189900   -2.783131   
19250    1925190000   -2.785147   
19250    1925190100   -2.787050   
19250    1925190200   -2.789343   
19250    1925190300   -2.791283   
19250    1925190400   -2.793143   
19250    1925190500   -2.795240   
19250    1925190600   -2.797502   
19250    1925190700   -2.799148   
19250    1925190800   -2.801231   
19250    1925190900   -2.803583   
19250    1925191000   -2.805037   
19250    1925191100   -2.806952   
19250    1925191200   -2.808547   
19250    1925191300   -2.810771   
19250    1925191400   -2.812485   
19250    1925191500   -2.814665   
19250    1925191600   -2.816595   
19250    1925191700   -2.818164   
19250    1925191800   -2.819843   
19250    1925191900   -2.821974   
19250    1925192000   -2.823747   
19250    1925192100   -2.825365   
19250    1925192200   -2.827146   
19250    1925192300   -2.829132   
19250    1925192400   -2.830982   
19250    1925192500   -2.832578   
19250    1925192600   -2.834169   
19250    1925192700   -2.835796   
19250    1925192800   -2.837638   
19250    1925192900   -2.839159   
19250    1925193000   -2.840829   
19250    1925193100   -2.842749   
19250    1925193200   -2.844500   
19250    1925193300   -2.846404   
19250    1925193400   -2.848164   
19250    1925193500   -2.849732   
19250    1925193600   -2.851650   
19250    1925193700   -2.853308   
19250    1925193800   -2.855039   
19250    1925193900   -2.856535   
19250    1925194000   -2.857548   
19250    1925194100   -2.859259   
19250    1925194200   -2.860747   
19250    1925194300   -2.862452   
19250    1925194400   -2.864037   
19250    1925194500   -2.865932   
19250    1925194600   -2.867392   
19250    1925194700   -2.868935   
19250    1925194800   -2.870296   
19250    1925194900   -2.871554   
19250    1925195000   -2.873135   
19250    1925195100   -2.874133   
19250    1925195200   -2.875803   
19250    1925195300   -2.877359   
19250    1925195400   -2.878897   
19250    1925195500   -2.879887   
19250    1925195600   -2.880948   
19250    1925195700   -2.882396   
19250    1925195800   -2.883690   
19250    1925195900   -2.885472   
19250    1925196000   -2.886857   
19250    1925196100   -2.888318   
19250    1925196200   -2.889716   
19250    1925196300   -2.891582   
19250    1925196400   -2.892757   
19250    1925196500   -2.893825   
19250    1925196600   -2.895357   
19250    1925196700   -2.896258   
19250    1925196800   -2.897528   
19250    1925196900   -2.898959   
19250    1925197000   -2.900061   
19250    1925197100   -2.901433   
19250    1925197200   -2.902983   
19250    1925197300   -2.904611   
19250    1925197400   -2.905718   
19250    1925197500   -2.906953   
19250    1925197600   -2.908416   
19250    1925197700   -2.909615   
19250    1925197800   -2.910901   
19250    1925197900   -2.912143   
19250    1925198000   -2.913568   
19250    1925198100   -2.915125   
19250    1925198200   -2.916206   
19250    1925198300   -2.917338   
19250    1925198400   -2.918351   
19250    1925198500   -2.919584   
19250    1925198600   -2.920944   
19250    1925198700   -2.922037   
19250    1925198800   -2.923372   
19250    1925198900   -2.924310   
19250    1925199000   -2.925218   
19250    1925199100   -2.926352   
19250    1925199200   -2.927490   
19250    1925199300   -2.928492   
19250    1925199400   -2.929471   
19250    1925199500   -2.930641   
19250    1925199600   -2.931785   
19250    1925199700   -2.932897   
19250    1925199800   -2.934058   
19250    1925199900   -2.935189   
19250    1925200000   -2.936356   
19250    1925220000   -2.936356   
