# Energy vs Time Data
# Generated on: 2025-06-13 18:05:29
# Columns: Step, Time_Elapsed_s, U_max, Acceptance_Ratio, dx
#
0        0.000000     21.605352    0.000000     0.600000    
0        111.915843   21.605352    0.000000     0.600000    
0        139.204673   21.605352    0.000000     0.600000    
0        139.344536   21.466213    0.000000     0.600000    
0        139.360273   21.312912    0.000000     0.600000    
0        139.369025   21.166759    0.000000     0.600000    
0        139.385970   21.039375    0.000000     0.600000    
0        139.399631   20.894140    0.000000     0.600000    
0        139.409065   20.762772    0.000000     0.600000    
0        139.419298   20.615168    0.000000     0.600000    
0        139.427073   20.480648    0.000000     0.600000    
0        139.435989   20.347921    0.000000     0.600000    
0        139.444045   20.215246    0.000000     0.600000    
0        139.454699   20.070484    0.000000     0.600000    
0        139.463850   19.931229    0.000000     0.600000    
0        139.472122   19.784939    0.000000     0.600000    
0        139.480243   19.664635    0.000000     0.600000    
0        139.488443   19.527451    0.000000     0.600000    
0        139.496633   19.388416    0.000000     0.600000    
0        139.504834   19.231621    0.000000     0.600000    
0        139.512972   19.087479    0.000000     0.600000    
0        139.522013   18.964199    0.000000     0.600000    
0        139.531247   18.841980    0.000000     0.600000    
0        139.540457   18.731171    0.000000     0.600000    
0        139.549573   18.599518    0.000000     0.600000    
0        139.558922   18.460428    0.000000     0.600000    
0        139.568170   18.331932    0.000000     0.600000    
0        139.577428   18.217863    0.000000     0.600000    
0        139.587334   18.095316    0.000000     0.600000    
0        139.596901   17.960035    0.000000     0.600000    
0        139.615134   17.821430    0.000000     0.600000    
0        139.630537   17.677782    0.000000     0.600000    
0        139.643516   17.542387    0.000000     0.600000    
0        139.653614   17.414608    0.000000     0.600000    
0        139.663163   17.283949    0.000000     0.600000    
0        139.672924   17.175772    0.000000     0.600000    
0        139.682278   17.072594    0.000000     0.600000    
0        139.691973   16.964272    0.000000     0.600000    
0        139.705824   16.850386    0.000000     0.600000    
0        139.715674   16.742710    0.000000     0.600000    
0        139.724695   16.658670    0.000000     0.600000    
0        139.733661   16.554718    0.000000     0.600000    
0        139.742626   16.459194    0.000000     0.600000    
0        139.751640   16.359501    0.000000     0.600000    
0        139.760631   16.248634    0.000000     0.600000    
0        139.769608   16.133636    0.000000     0.600000    
0        139.778574   16.042068    0.000000     0.600000    
0        139.787473   15.933343    0.000000     0.600000    
0        139.796396   15.815090    0.000000     0.600000    
0        139.805477   15.710484    0.000000     0.600000    
0        139.814367   15.625937    0.000000     0.600000    
0        139.823306   15.552526    0.000000     0.600000    
0        139.832372   15.445782    0.000000     0.600000    
0        139.841665   15.339668    0.000000     0.600000    
0        139.850629   15.254877    0.000000     0.600000    
0        139.859449   15.180618    0.000000     0.600000    
0        139.868469   15.073919    0.000000     0.600000    
0        139.877443   14.993806    0.000000     0.600000    
0        139.886411   14.894448    0.000000     0.600000    
0        139.895443   14.804332    0.000000     0.600000    
0        139.904237   14.712387    0.000000     0.600000    
0        139.913063   14.624585    0.000000     0.600000    
0        139.921924   14.529715    0.000000     0.600000    
0        139.930738   14.432313    0.000000     0.600000    
0        139.941134   14.322939    0.000000     0.600000    
0        139.950238   14.246833    0.000000     0.600000    
0        139.959158   14.147537    0.000000     0.600000    
0        139.967919   14.066961    0.000000     0.600000    
0        139.976788   13.989964    0.000000     0.600000    
0        139.985662   13.915792    0.000000     0.600000    
0        139.994542   13.832288    0.000000     0.600000    
0        140.003468   13.760190    0.000000     0.600000    
0        140.012430   13.680017    0.000000     0.600000    
0        140.021212   13.603560    0.000000     0.600000    
0        140.029971   13.543272    0.000000     0.600000    
0        140.038730   13.473665    0.000000     0.600000    
0        140.047520   13.400038    0.000000     0.600000    
0        140.056290   13.326508    0.000000     0.600000    
0        140.065154   13.252445    0.000000     0.600000    
0        140.073968   13.167770    0.000000     0.600000    
0        140.081948   13.112655    0.000000     0.600000    
0        140.089795   13.044226    0.000000     0.600000    
0        140.097657   12.978902    0.000000     0.600000    
0        140.106535   12.906169    0.000000     0.600000    
0        140.114771   12.835459    0.000000     0.600000    
0        140.122622   12.753030    0.000000     0.600000    
0        140.130487   12.687508    0.000000     0.600000    
0        140.138792   12.625164    0.000000     0.600000    
0        140.147685   12.561007    0.000000     0.600000    
0        140.156528   12.476534    0.000000     0.600000    
0        140.164636   12.410181    0.000000     0.600000    
0        140.172692   12.359343    0.000000     0.600000    
0        140.181524   12.292531    0.000000     0.600000    
0        140.189542   12.231348    0.000000     0.600000    
0        140.198364   12.158023    0.000000     0.600000    
0        140.207059   12.094305    0.000000     0.600000    
0        140.214756   12.025841    0.000000     0.600000    
0        140.222404   11.965604    0.000000     0.600000    
0        140.230081   11.905312    0.000000     0.600000    
0        140.237770   11.836634    0.000000     0.600000    
0        140.245394   11.768322    0.000000     0.600000    
0        140.253035   11.691395    0.000000     0.600000    
0        140.260644   11.644739    0.000000     0.600000    
0        140.268912   11.598379    0.000000     0.600000    
0        140.276718   11.552042    0.000000     0.600000    
0        140.284504   11.483894    0.000000     0.600000    
0        140.292344   11.420674    0.000000     0.600000    
0        140.300327   11.386623    0.000000     0.600000    
0        140.309130   11.336556    0.000000     0.600000    
0        140.326743   11.285826    0.000000     0.600000    
0        140.336961   11.243336    0.000000     0.600000    
0        140.347784   11.189638    0.000000     0.600000    
0        140.355874   11.143882    0.000000     0.600000    
0        140.364654   11.098679    0.000000     0.600000    
0        140.372870   11.035957    0.000000     0.600000    
0        140.382555   10.988810    0.000000     0.600000    
0        140.390932   10.931776    0.000000     0.600000    
0        140.400382   10.879992    0.000000     0.600000    
0        140.409011   10.837296    0.000000     0.600000    
0        140.424074   10.794048    0.000000     0.600000    
0        140.436837   10.754726    0.000000     0.600000    
0        140.444627   10.698912    0.000000     0.600000    
0        140.452831   10.658481    0.000000     0.600000    
0        140.460561   10.613558    0.000000     0.600000    
0        140.468877   10.561728    0.000000     0.600000    
0        140.480605   10.514464    0.000000     0.600000    
0        140.490224   10.476329    0.000000     0.600000    
0        140.497766   10.434858    0.000000     0.600000    
0        140.505415   10.386657    0.000000     0.600000    
0        140.515278   10.338910    0.000000     0.600000    
0        140.523840   10.298628    0.000000     0.600000    
0        140.531533   10.258579    0.000000     0.600000    
0        140.539667   10.214314    0.000000     0.600000    
0        140.548193   10.160892    0.000000     0.600000    
0        140.555820   10.124305    0.000000     0.600000    
0        140.563419   10.067142    0.000000     0.600000    
0        140.571092   10.013348    0.000000     0.600000    
0        140.578623   9.970234     0.000000     0.600000    
0        140.586239   9.926491     0.000000     0.600000    
0        140.593811   9.888117     0.000000     0.600000    
0        140.601361   9.845761     0.000000     0.600000    
0        140.608885   9.802112     0.000000     0.600000    
0        140.616778   9.762417     0.000000     0.600000    
0        140.624501   9.716894     0.000000     0.600000    
0        140.632147   9.667241     0.000000     0.600000    
0        140.639740   9.632175     0.000000     0.600000    
0        140.647201   9.588625     0.000000     0.600000    
0        140.654741   9.534964     0.000000     0.600000    
0        140.662222   9.496992     0.000000     0.600000    
0        140.669702   9.461509     0.000000     0.600000    
0        140.677132   9.417890     0.000000     0.600000    
0        140.684583   9.377386     0.000000     0.600000    
0        140.692088   9.336706     0.000000     0.600000    
0        140.699537   9.285655     0.000000     0.600000    
0        140.707038   9.245162     0.000000     0.600000    
0        140.714552   9.205456     0.000000     0.600000    
0        140.721409   9.172340     0.000000     0.600000    
0        140.728072   9.126166     0.000000     0.600000    
0        140.734713   9.081491     0.000000     0.600000    
0        140.741342   9.034234     0.000000     0.600000    
0        140.747945   9.003010     0.000000     0.600000    
0        140.754558   8.964680     0.000000     0.600000    
0        140.761361   8.929162     0.000000     0.600000    
0        140.768125   8.891693     0.000000     0.600000    
0        140.774771   8.857193     0.000000     0.600000    
0        140.781414   8.824662     0.000000     0.600000    
0        140.788069   8.785220     0.000000     0.600000    
0        140.794710   8.748924     0.000000     0.600000    
0        140.801364   8.711728     0.000000     0.600000    
0        140.808284   8.676058     0.000000     0.600000    
0        140.814994   8.650593     0.000000     0.600000    
0        140.822740   8.621502     0.000000     0.600000    
0        140.829353   8.588943     0.000000     0.600000    
0        140.835989   8.557142     0.000000     0.600000    
0        140.842572   8.526287     0.000000     0.600000    
0        140.849696   8.481311     0.000000     0.600000    
0        140.856455   8.441152     0.000000     0.600000    
0        140.863023   8.410515     0.000000     0.600000    
0        140.869183   8.369626     0.000000     0.600000    
0        140.875358   8.338034     0.000000     0.600000    
0        140.881935   8.306277     0.000000     0.600000    
0        140.888680   8.276531     0.000000     0.600000    
0        140.894749   8.247495     0.000000     0.600000    
0        140.906097   8.215728     0.000000     0.600000    
0        140.912554   8.182969     0.000000     0.600000    
0        141.167755   8.150485     0.000000     0.600000    
0        141.172646   8.119433     0.000000     0.600000    
0        141.188337   8.091150     0.000000     0.600000    
0        141.197241   8.062473     0.000000     0.600000    
0        141.203034   8.032474     0.000000     0.600000    
0        141.207890   8.004744     0.000000     0.600000    
0        141.212745   7.973072     0.000000     0.600000    
0        141.217595   7.941936     0.000000     0.600000    
0        141.222509   7.916336     0.000000     0.600000    
0        141.227369   7.886703     0.000000     0.600000    
0        141.232170   7.866804     0.000000     0.600000    
0        141.236933   7.846022     0.000000     0.600000    
0        141.241744   7.815528     0.000000     0.600000    
0        141.246494   7.793301     0.000000     0.600000    
0        141.251309   7.758997     0.000000     0.600000    
0        141.256387   7.731821     0.000000     0.600000    
0        141.261666   7.699528     0.000000     0.600000    
0        141.267243   7.666790     0.000000     0.600000    
0        141.267375   7.666790     0.000000     0.600000    
1        141.283316   7.666502     0.888760     0.600000    
101      141.841271   7.611621     0.890630     0.600000    
201      142.544160   7.553666     0.889570     0.600000    
301      143.045566   7.497221     0.889400     0.600000    
401      143.565002   7.442779     0.888430     0.600000    
501      144.209790   7.396523     0.887570     0.600000    
601      144.702741   7.343335     0.885950     0.600000    
701      145.199278   7.286379     0.888040     0.600000    
801      145.707972   7.238919     0.886850     0.600000    
901      146.175926   7.181633     0.885610     0.600000    
1001     146.667132   7.133973     0.886570     0.600000    
1101     147.905962   7.087675     0.883540     0.600000    
1201     148.474422   7.039325     0.885980     0.600000    
1301     149.046849   6.996888     0.885890     0.600000    
1401     149.500336   6.952980     0.883970     0.600000    
1501     149.999022   6.901350     0.884880     0.600000    
1601     150.591934   6.855184     0.885020     0.600000    
1701     151.311672   6.809057     0.884000     0.600000    
1801     152.128836   6.761456     0.886520     0.600000    
1901     153.264796   6.719615     0.882480     0.600000    
2001     154.146061   6.677123     0.884220     0.600000    
2101     154.755876   6.633863     0.882750     0.600000    
2201     155.383643   6.587121     0.883120     0.600000    
2301     156.113096   6.543647     0.883980     0.600000    
2401     156.768575   6.490226     0.881460     0.600000    
2501     157.348408   6.450292     0.881210     0.600000    
2601     157.841512   6.410386     0.881850     0.600000    
2701     158.356714   6.370547     0.878760     0.600000    
2801     158.896468   6.325407     0.879010     0.600000    
2901     159.432780   6.286968     0.878980     0.600000    
3001     159.967089   6.246251     0.880630     0.600000    
3101     160.484106   6.209618     0.878290     0.600000    
3201     160.999124   6.161855     0.878800     0.600000    
3301     161.487592   6.126570     0.876070     0.600000    
3401     162.036047   6.085603     0.879050     0.600000    
3501     162.707342   6.045297     0.875310     0.600000    
3601     163.355385   6.006606     0.875860     0.600000    
3701     164.138772   5.973214     0.876490     0.600000    
3801     165.084721   5.938229     0.874690     0.600000    
3901     165.680094   5.898564     0.873740     0.600000    
4001     166.377231   5.862963     0.874280     0.600000    
4101     166.947435   5.824706     0.874000     0.600000    
4201     167.484301   5.793643     0.875380     0.600000    
4301     168.020711   5.757167     0.871430     0.600000    
4401     168.546246   5.715258     0.873540     0.600000    
4501     169.059330   5.677380     0.874600     0.600000    
4601     169.568767   5.645045     0.871830     0.600000    
4701     170.085577   5.606612     0.872250     0.600000    
4801     170.604299   5.577522     0.873500     0.600000    
4901     171.176749   5.539780     0.872560     0.600000    
5001     171.777690   5.503999     0.868980     0.600000    
5101     172.292423   5.471309     0.871840     0.600000    
5201     173.050894   5.441297     0.870660     0.600000    
5301     173.735497   5.403634     0.871540     0.600000    
5401     174.279783   5.368692     0.870780     0.600000    
5501     174.790793   5.337286     0.869570     0.600000    
5601     175.323335   5.309065     0.866770     0.600000    
5701     175.844307   5.275497     0.868760     0.600000    
5801     176.367934   5.236545     0.870510     0.600000    
5901     176.918686   5.203464     0.867000     0.600000    
6001     177.466961   5.172845     0.868840     0.600000    
6101     178.040547   5.139181     0.864920     0.600000    
6201     178.588045   5.109809     0.866810     0.600000    
6301     179.116333   5.079446     0.865960     0.600000    
6401     179.693525   5.041503     0.863370     0.600000    
6501     180.223850   5.006312     0.863110     0.600000    
6601     180.741542   4.977763     0.863160     0.600000    
6701     181.262894   4.945798     0.865880     0.600000    
6801     181.826576   4.913893     0.859870     0.600000    
6901     182.531260   4.889034     0.863330     0.600000    
7001     183.239912   4.857184     0.863980     0.600000    
7101     183.924177   4.824488     0.862760     0.600000    
7201     184.474081   4.792316     0.860390     0.600000    
7301     185.015495   4.765075     0.858630     0.600000    
7401     185.545555   4.740533     0.862830     0.600000    
7500     186.065272   4.713894     0.860000     0.600000    
7500     496.985881   4.713894     0.000000     0.600000    
7500     529.347334   4.713894     0.000000     0.600000    
7500     529.356269   4.681384     0.000000     0.600000    
7500     529.362199   4.655521     0.000000     0.600000    
7500     529.368234   4.629778     0.000000     0.600000    
7500     529.374239   4.601879     0.000000     0.600000    
7500     529.380241   4.572549     0.000000     0.600000    
7500     529.386447   4.545670     0.000000     0.600000    
7500     529.392891   4.514741     0.000000     0.600000    
7500     529.399647   4.491372     0.000000     0.600000    
7500     529.406103   4.463973     0.000000     0.600000    
7500     529.412980   4.440079     0.000000     0.600000    
7500     529.419904   4.409904     0.000000     0.600000    
7500     529.426912   4.386467     0.000000     0.600000    
7500     529.434607   4.361045     0.000000     0.600000    
7500     529.442385   4.340405     0.000000     0.600000    
7500     529.450133   4.319415     0.000000     0.600000    
7500     529.457779   4.293144     0.000000     0.600000    
7500     529.465221   4.275980     0.000000     0.600000    
7500     529.473988   4.255870     0.000000     0.600000    
7500     529.482489   4.235000     0.000000     0.600000    
7500     529.490944   4.214277     0.000000     0.600000    
7500     529.499433   4.192984     0.000000     0.600000    
7500     529.507773   4.174721     0.000000     0.600000    
7500     529.517089   4.153605     0.000000     0.600000    
7500     529.526627   4.128297     0.000000     0.600000    
7500     529.538342   4.105631     0.000000     0.600000    
7500     529.552230   4.087954     0.000000     0.600000    
7500     529.568567   4.068863     0.000000     0.600000    
7500     529.579448   4.048206     0.000000     0.600000    
7500     529.590327   4.031849     0.000000     0.600000    
7500     529.600018   4.008223     0.000000     0.600000    
7500     529.614435   3.989686     0.000000     0.600000    
7500     529.634171   3.966317     0.000000     0.600000    
7500     529.644406   3.947692     0.000000     0.600000    
7500     529.656988   3.931415     0.000000     0.600000    
7500     529.667871   3.915117     0.000000     0.600000    
7500     529.677934   3.897665     0.000000     0.600000    
7500     529.687314   3.879154     0.000000     0.600000    
7500     529.696430   3.863534     0.000000     0.600000    
7500     529.705502   3.846341     0.000000     0.600000    
7500     529.714640   3.826892     0.000000     0.600000    
7500     529.723830   3.811999     0.000000     0.600000    
7500     529.733073   3.795390     0.000000     0.600000    
7500     529.742016   3.779745     0.000000     0.600000    
7500     529.751048   3.763870     0.000000     0.600000    
7500     529.760133   3.748197     0.000000     0.600000    
7500     529.769171   3.727806     0.000000     0.600000    
7500     529.778175   3.712571     0.000000     0.600000    
7500     529.787226   3.696530     0.000000     0.600000    
7500     529.796357   3.679970     0.000000     0.600000    
7500     529.805397   3.662414     0.000000     0.600000    
7500     529.814588   3.647852     0.000000     0.600000    
7500     529.823791   3.635087     0.000000     0.600000    
7500     529.833208   3.620766     0.000000     0.600000    
7500     529.842380   3.606117     0.000000     0.600000    
7500     529.851446   3.593895     0.000000     0.600000    
7500     529.860467   3.581594     0.000000     0.600000    
7500     529.869490   3.568939     0.000000     0.600000    
7500     529.878419   3.554059     0.000000     0.600000    
7500     529.887317   3.543503     0.000000     0.600000    
7500     529.896188   3.528167     0.000000     0.600000    
7500     529.906633   3.517304     0.000000     0.600000    
7500     529.915389   3.507000     0.000000     0.600000    
7500     529.924253   3.496318     0.000000     0.600000    
7500     529.933241   3.484907     0.000000     0.600000    
7500     529.942244   3.474457     0.000000     0.600000    
7500     529.951215   3.462712     0.000000     0.600000    
7500     529.960243   3.451042     0.000000     0.600000    
7500     529.969332   3.436728     0.000000     0.600000    
7500     529.978481   3.426584     0.000000     0.600000    
7500     529.987382   3.415459     0.000000     0.600000    
7500     529.996439   3.405987     0.000000     0.600000    
7500     530.005524   3.395192     0.000000     0.600000    
7500     530.014382   3.383861     0.000000     0.600000    
7500     530.023135   3.372386     0.000000     0.600000    
7500     530.032067   3.362723     0.000000     0.600000    
7500     530.041076   3.353554     0.000000     0.600000    
7500     530.050190   3.341767     0.000000     0.600000    
7500     530.060424   3.332790     0.000000     0.600000    
7500     530.069776   3.324462     0.000000     0.600000    
7500     530.079212   3.316072     0.000000     0.600000    
7500     530.088242   3.307383     0.000000     0.600000    
7500     530.097498   3.298723     0.000000     0.600000    
7500     530.107104   3.287715     0.000000     0.600000    
7500     530.115056   3.279560     0.000000     0.600000    
7500     530.122950   3.270420     0.000000     0.600000    
7500     530.130781   3.263245     0.000000     0.600000    
7500     530.138760   3.255310     0.000000     0.600000    
7500     530.146982   3.248322     0.000000     0.600000    
7500     530.155258   3.243471     0.000000     0.600000    
7500     530.163420   3.235627     0.000000     0.600000    
7500     530.171504   3.228508     0.000000     0.600000    
7500     530.180470   3.222690     0.000000     0.600000    
7500     530.191185   3.216471     0.000000     0.600000    
7500     530.198864   3.210977     0.000000     0.600000    
7500     530.206149   3.205638     0.000000     0.600000    
7500     530.213512   3.200922     0.000000     0.600000    
7500     530.220756   3.194914     0.000000     0.600000    
7500     530.227834   3.189104     0.000000     0.600000    
7500     530.234773   3.182206     0.000000     0.600000    
7500     530.241667   3.175686     0.000000     0.600000    
7500     530.248525   3.170021     0.000000     0.600000    
7500     530.255626   3.162934     0.000000     0.600000    
7500     530.262507   3.156117     0.000000     0.600000    
7500     530.269368   3.150016     0.000000     0.600000    
7500     530.276350   3.143861     0.000000     0.600000    
7500     530.283200   3.137495     0.000000     0.600000    
7500     530.290133   3.129960     0.000000     0.600000    
7500     530.296555   3.123755     0.000000     0.600000    
7500     530.302841   3.116312     0.000000     0.600000    
7500     530.309116   3.108017     0.000000     0.600000    
7500     530.315385   3.101536     0.000000     0.600000    
7500     530.321636   3.093613     0.000000     0.600000    
7500     530.327893   3.085022     0.000000     0.600000    
7500     530.334124   3.077569     0.000000     0.600000    
7500     530.340377   3.069088     0.000000     0.600000    
7500     530.346633   3.060858     0.000000     0.600000    
7500     530.352832   3.052392     0.000000     0.600000    
7500     530.359009   3.045248     0.000000     0.600000    
7500     530.365250   3.037832     0.000000     0.600000    
7500     530.371397   3.031510     0.000000     0.600000    
7500     530.377578   3.024442     0.000000     0.600000    
7500     530.384653   3.015472     0.000000     0.600000    
7500     530.390433   3.007557     0.000000     0.600000    
7500     530.396144   3.000724     0.000000     0.600000    
7500     530.401878   2.993495     0.000000     0.600000    
7500     530.407587   2.985679     0.000000     0.600000    
7500     530.413567   2.979925     0.000000     0.600000    
7500     530.419432   2.973635     0.000000     0.600000    
7500     530.433766   2.966323     0.000000     0.600000    
7500     530.440236   2.959396     0.000000     0.600000    
7500     530.445993   2.951383     0.000000     0.600000    
7500     530.451725   2.943920     0.000000     0.600000    
7500     530.457672   2.937307     0.000000     0.600000    
7500     530.463498   2.929162     0.000000     0.600000    
7500     530.469315   2.921938     0.000000     0.600000    
7500     530.475199   2.915252     0.000000     0.600000    
7500     530.481166   2.907820     0.000000     0.600000    
7500     530.487218   2.900144     0.000000     0.600000    
7500     530.493160   2.894057     0.000000     0.600000    
7500     530.498960   2.888012     0.000000     0.600000    
7500     530.505076   2.881272     0.000000     0.600000    
7500     530.511314   2.875540     0.000000     0.600000    
7500     530.517129   2.867833     0.000000     0.600000    
7500     530.522975   2.860379     0.000000     0.600000    
7500     530.528811   2.853847     0.000000     0.600000    
7500     530.534733   2.848504     0.000000     0.600000    
7500     530.540945   2.840590     0.000000     0.600000    
7500     530.547803   2.834938     0.000000     0.600000    
7500     530.554136   2.828076     0.000000     0.600000    
7500     530.560240   2.820867     0.000000     0.600000    
7500     530.566016   2.813491     0.000000     0.600000    
7500     530.571968   2.807518     0.000000     0.600000    
7500     530.579005   2.801052     0.000000     0.600000    
7500     530.584824   2.794212     0.000000     0.600000    
7500     530.591578   2.788386     0.000000     0.600000    
7500     530.599192   2.781526     0.000000     0.600000    
7500     530.605002   2.775761     0.000000     0.600000    
7500     530.610795   2.769337     0.000000     0.600000    
7500     530.616551   2.762895     0.000000     0.600000    
7500     530.622316   2.757683     0.000000     0.600000    
7500     530.628937   2.749880     0.000000     0.600000    
7500     530.634655   2.741372     0.000000     0.600000    
7500     530.643388   2.733794     0.000000     0.600000    
7500     530.648995   2.726994     0.000000     0.600000    
7500     530.654764   2.722646     0.000000     0.600000    
7500     530.660524   2.715869     0.000000     0.600000    
7500     530.666372   2.709726     0.000000     0.600000    
7500     530.672279   2.703290     0.000000     0.600000    
7500     530.678151   2.697800     0.000000     0.600000    
7500     530.683975   2.690145     0.000000     0.600000    
7500     530.690025   2.683993     0.000000     0.600000    
7500     530.696014   2.676462     0.000000     0.600000    
7500     530.701905   2.669600     0.000000     0.600000    
7500     530.707831   2.662161     0.000000     0.600000    
7500     530.713588   2.654716     0.000000     0.600000    
7500     530.719312   2.648743     0.000000     0.600000    
7500     530.725043   2.643347     0.000000     0.600000    
7500     530.730598   2.638904     0.000000     0.600000    
7500     530.736345   2.631458     0.000000     0.600000    
7500     530.742031   2.624487     0.000000     0.600000    
7500     530.747693   2.618427     0.000000     0.600000    
7500     530.753430   2.612791     0.000000     0.600000    
7500     530.759018   2.607574     0.000000     0.600000    
7500     530.764644   2.600901     0.000000     0.600000    
7500     530.770235   2.594509     0.000000     0.600000    
7500     530.775821   2.583171     0.000000     0.600000    
7500     530.781364   2.570897     0.000000     0.600000    
7500     530.786903   2.554912     0.000000     0.600000    
7500     530.792475   2.546639     0.000000     0.600000    
7500     530.798104   2.532149     0.000000     0.600000    
7500     530.803661   2.517767     0.000000     0.600000    
7500     530.809264   2.504953     0.000000     0.600000    
7500     530.814768   2.491488     0.000000     0.600000    
7500     530.820289   2.477628     0.000000     0.600000    
7500     530.825834   2.464748     0.000000     0.600000    
7500     530.831347   2.452513     0.000000     0.600000    
7500     530.836818   2.442138     0.000000     0.600000    
7500     530.842334   2.431653     0.000000     0.600000    
7500     530.847802   2.423132     0.000000     0.600000    
7500     530.853278   2.413945     0.000000     0.600000    
7500     530.853703   2.413945     0.000000     0.600000    
7501     530.866969   2.413787     0.821470     0.600000    
7601     531.384162   2.389392     0.822250     0.600000    
7701     532.048896   2.370499     0.821840     0.600000    
7801     532.892385   2.347903     0.821850     0.600000    
7901     533.711186   2.327761     0.820210     0.600000    
8001     534.450811   2.307384     0.823590     0.600000    
8101     535.299364   2.281532     0.822320     0.600000    
8201     536.431939   2.259723     0.818710     0.600000    
8301     537.132654   2.235837     0.822220     0.600000    
8401     537.749018   2.215553     0.818780     0.600000    
8501     538.360519   2.190804     0.820640     0.600000    
8601     539.119201   2.168290     0.818970     0.600000    
8701     539.807832   2.147211     0.818220     0.600000    
8801     540.561400   2.124250     0.819580     0.600000    
8901     541.324381   2.102623     0.816690     0.600000    
9001     541.997420   2.080258     0.816160     0.600000    
9101     542.643973   2.060931     0.819870     0.600000    
9201     543.355970   2.041285     0.816770     0.600000    
9301     544.125068   2.014793     0.817250     0.600000    
9401     544.791096   1.994000     0.815740     0.600000    
9501     545.360405   1.974858     0.814060     0.600000    
9601     545.958285   1.953914     0.811020     0.600000    
9701     546.585186   1.935027     0.814700     0.600000    
9801     547.387621   1.910688     0.813360     0.600000    
9901     548.869488   1.889126     0.812540     0.600000    
10001    549.862599   1.869057     0.812550     0.600000    
10101    550.709179   1.847985     0.812440     0.600000    
10201    551.489134   1.828894     0.812370     0.600000    
10301    552.245942   1.804954     0.811940     0.600000    
10401    552.927013   1.783744     0.809630     0.600000    
10501    553.673358   1.761332     0.808580     0.600000    
10601    554.530726   1.742919     0.812420     0.600000    
10701    555.355631   1.721595     0.809530     0.600000    
10801    556.038658   1.695805     0.808150     0.600000    
10901    556.667039   1.672822     0.810480     0.600000    
11001    557.315702   1.655002     0.805520     0.600000    
11101    557.933654   1.635585     0.808280     0.600000    
11201    558.620117   1.611066     0.808420     0.600000    
11301    559.313350   1.588553     0.806900     0.600000    
11401    560.072122   1.567593     0.806430     0.600000    
11501    560.840412   1.549489     0.805830     0.600000    
11601    561.517562   1.529784     0.806950     0.600000    
11701    562.213990   1.511469     0.801640     0.600000    
11801    562.876612   1.489974     0.803800     0.600000    
11901    563.632302   1.468579     0.803400     0.600000    
12001    564.278976   1.450661     0.803050     0.600000    
12101    564.980352   1.428069     0.801730     0.600000    
12201    565.682260   1.405966     0.803540     0.600000    
12301    566.305227   1.382464     0.801340     0.600000    
12401    566.930460   1.360923     0.802880     0.600000    
12500    567.504319   1.341626     0.804020     0.600000    
12500    1068.253140  1.341626     0.000000     0.600000    
12500    1098.810536  1.341626     0.000000     0.600000    
12500    1098.819302  1.319907     0.000000     0.600000    
12500    1098.824776  1.300237     0.000000     0.600000    
12500    1098.830215  1.281341     0.000000     0.600000    
12500    1098.835650  1.262215     0.000000     0.600000    
12500    1098.841078  1.244687     0.000000     0.600000    
12500    1098.846474  1.229085     0.000000     0.600000    
12500    1098.851876  1.209934     0.000000     0.600000    
12500    1098.857311  1.191908     0.000000     0.600000    
12500    1098.862853  1.172472     0.000000     0.600000    
12500    1098.869053  1.152257     0.000000     0.600000    
12500    1098.875755  1.136812     0.000000     0.600000    
12500    1098.887108  1.118325     0.000000     0.600000    
12500    1098.893817  1.096497     0.000000     0.600000    
12500    1098.901786  1.080304     0.000000     0.600000    
12500    1098.910186  1.063742     0.000000     0.600000    
12500    1098.922350  1.043377     0.000000     0.600000    
12500    1098.929927  1.026179     0.000000     0.600000    
12500    1098.937301  1.009820     0.000000     0.600000    
12500    1098.943704  0.990489     0.000000     0.600000    
12500    1098.950797  0.969915     0.000000     0.600000    
12500    1098.957559  0.952113     0.000000     0.600000    
12500    1098.964799  0.932136     0.000000     0.600000    
12500    1098.972280  0.915741     0.000000     0.600000    
12500    1098.979381  0.899155     0.000000     0.600000    
12500    1098.988052  0.881744     0.000000     0.600000    
12500    1098.997364  0.859607     0.000000     0.600000    
12500    1099.005420  0.842416     0.000000     0.600000    
12500    1099.013455  0.825710     0.000000     0.600000    
12500    1099.021750  0.804638     0.000000     0.600000    
12500    1099.029497  0.789315     0.000000     0.600000    
12500    1099.037065  0.771597     0.000000     0.600000    
12500    1099.045312  0.755650     0.000000     0.600000    
12500    1099.053767  0.740357     0.000000     0.600000    
12500    1099.062258  0.724133     0.000000     0.600000    
12500    1099.070704  0.707619     0.000000     0.600000    
12500    1099.079574  0.692921     0.000000     0.600000    
12500    1099.088007  0.679820     0.000000     0.600000    
12500    1099.096049  0.665561     0.000000     0.600000    
12500    1099.105356  0.651926     0.000000     0.600000    
12500    1099.114489  0.634890     0.000000     0.600000    
12500    1099.123583  0.619325     0.000000     0.600000    
12500    1099.132764  0.605869     0.000000     0.600000    
12500    1099.141828  0.587873     0.000000     0.600000    
12500    1099.150880  0.572553     0.000000     0.600000    
12500    1099.159965  0.556397     0.000000     0.600000    
12500    1099.169019  0.540965     0.000000     0.600000    
12500    1099.177952  0.523318     0.000000     0.600000    
12500    1099.186885  0.508433     0.000000     0.600000    
12500    1099.195803  0.493842     0.000000     0.600000    
12500    1099.204760  0.475167     0.000000     0.600000    
12500    1099.213697  0.462614     0.000000     0.600000    
12500    1099.222671  0.449433     0.000000     0.600000    
12500    1099.231655  0.431734     0.000000     0.600000    
12500    1099.240586  0.416312     0.000000     0.600000    
12500    1099.249492  0.401922     0.000000     0.600000    
12500    1099.258382  0.390900     0.000000     0.600000    
12500    1099.267258  0.376174     0.000000     0.600000    
12500    1099.276221  0.362541     0.000000     0.600000    
12500    1099.285095  0.347605     0.000000     0.600000    
12500    1099.293935  0.333058     0.000000     0.600000    
12500    1099.303469  0.318897     0.000000     0.600000    
12500    1099.312215  0.304096     0.000000     0.600000    
12500    1099.326399  0.291333     0.000000     0.600000    
12500    1099.335240  0.277017     0.000000     0.600000    
12500    1099.344126  0.263197     0.000000     0.600000    
12500    1099.352924  0.248856     0.000000     0.600000    
12500    1099.361672  0.236903     0.000000     0.600000    
12500    1099.370426  0.227542     0.000000     0.600000    
12500    1099.378738  0.213935     0.000000     0.600000    
12500    1099.386467  0.202959     0.000000     0.600000    
12500    1099.394228  0.188762     0.000000     0.600000    
12500    1099.401977  0.175600     0.000000     0.600000    
12500    1099.409688  0.164211     0.000000     0.600000    
12500    1099.417433  0.150022     0.000000     0.600000    
12500    1099.425175  0.138422     0.000000     0.600000    
12500    1099.432848  0.126517     0.000000     0.600000    
12500    1099.439920  0.115932     0.000000     0.600000    
12500    1099.446842  0.101789     0.000000     0.600000    
12500    1099.455165  0.090587     0.000000     0.600000    
12500    1099.462346  0.078201     0.000000     0.600000    
12500    1099.469254  0.064089     0.000000     0.600000    
12500    1099.476165  0.053699     0.000000     0.600000    
12500    1099.483025  0.042094     0.000000     0.600000    
12500    1099.490893  0.028968     0.000000     0.600000    
12500    1099.504957  0.016687     0.000000     0.600000    
12500    1099.511600  0.004053     0.000000     0.600000    
12500    1099.517942  -0.006168    0.000000     0.600000    
12500    1099.524411  -0.017635    0.000000     0.600000    
12500    1099.530796  -0.031053    0.000000     0.600000    
12500    1099.537133  -0.041884    0.000000     0.600000    
12500    1099.543517  -0.052125    0.000000     0.600000    
12500    1099.549987  -0.063632    0.000000     0.600000    
12500    1099.556512  -0.076502    0.000000     0.600000    
12500    1099.562824  -0.085765    0.000000     0.600000    
12500    1099.569310  -0.096834    0.000000     0.600000    
12500    1099.575594  -0.107085    0.000000     0.600000    
12500    1099.581877  -0.117869    0.000000     0.600000    
12500    1099.591852  -0.129970    0.000000     0.600000    
12500    1099.601359  -0.142922    0.000000     0.600000    
12500    1099.607163  -0.154637    0.000000     0.600000    
12500    1099.612953  -0.163185    0.000000     0.600000    
12500    1099.618937  -0.174845    0.000000     0.600000    
12500    1099.624853  -0.186708    0.000000     0.600000    
12500    1099.630630  -0.195873    0.000000     0.600000    
12500    1099.636424  -0.205397    0.000000     0.600000    
12500    1099.642233  -0.213824    0.000000     0.600000    
12500    1099.648124  -0.222336    0.000000     0.600000    
12500    1099.653860  -0.229214    0.000000     0.600000    
12500    1099.659586  -0.240631    0.000000     0.600000    
12500    1099.665296  -0.250747    0.000000     0.600000    
12500    1099.670989  -0.260024    0.000000     0.600000    
12500    1099.676753  -0.271515    0.000000     0.600000    
12500    1099.683139  -0.280899    0.000000     0.600000    
12500    1099.688931  -0.291440    0.000000     0.600000    
12500    1099.694434  -0.301718    0.000000     0.600000    
12500    1099.699873  -0.313018    0.000000     0.600000    
12500    1099.705271  -0.320566    0.000000     0.600000    
12500    1099.710648  -0.330821    0.000000     0.600000    
12500    1099.716017  -0.338168    0.000000     0.600000    
12500    1099.721383  -0.347046    0.000000     0.600000    
12500    1099.726771  -0.357057    0.000000     0.600000    
12500    1099.732114  -0.363746    0.000000     0.600000    
12500    1099.737491  -0.373263    0.000000     0.600000    
12500    1099.742842  -0.382868    0.000000     0.600000    
12500    1099.748223  -0.394354    0.000000     0.600000    
12500    1099.753583  -0.402364    0.000000     0.600000    
12500    1099.758894  -0.412925    0.000000     0.600000    
12500    1099.764227  -0.420811    0.000000     0.600000    
12500    1099.769509  -0.428668    0.000000     0.600000    
12500    1099.774812  -0.437645    0.000000     0.600000    
12500    1099.781212  -0.446085    0.000000     0.600000    
12500    1099.786577  -0.455116    0.000000     0.600000    
12500    1099.791619  -0.463517    0.000000     0.600000    
12500    1099.796527  -0.471413    0.000000     0.600000    
12500    1099.801456  -0.480720    0.000000     0.600000    
12500    1099.806396  -0.489550    0.000000     0.600000    
12500    1099.811312  -0.498296    0.000000     0.600000    
12500    1099.816204  -0.509210    0.000000     0.600000    
12500    1099.821085  -0.520140    0.000000     0.600000    
12500    1099.825958  -0.526904    0.000000     0.600000    
12500    1099.830836  -0.538149    0.000000     0.600000    
12500    1099.835712  -0.545553    0.000000     0.600000    
12500    1099.840573  -0.552242    0.000000     0.600000    
12500    1099.845441  -0.560994    0.000000     0.600000    
12500    1099.850292  -0.568893    0.000000     0.600000    
12500    1099.855146  -0.580482    0.000000     0.600000    
12500    1099.859976  -0.588169    0.000000     0.600000    
12500    1099.864829  -0.596413    0.000000     0.600000    
12500    1099.869723  -0.603395    0.000000     0.600000    
12500    1099.874623  -0.612273    0.000000     0.600000    
12500    1099.879516  -0.621908    0.000000     0.600000    
12500    1099.884390  -0.628974    0.000000     0.600000    
12500    1099.889255  -0.636170    0.000000     0.600000    
12500    1099.894094  -0.643066    0.000000     0.600000    
12500    1099.898924  -0.649541    0.000000     0.600000    
12500    1099.903782  -0.657308    0.000000     0.600000    
12500    1099.908603  -0.665033    0.000000     0.600000    
12500    1099.913272  -0.673208    0.000000     0.600000    
12500    1099.917985  -0.679982    0.000000     0.600000    
12500    1100.113345  -0.686471    0.000000     0.600000    
12500    1100.130993  -0.694365    0.000000     0.600000    
12500    1100.139214  -0.700624    0.000000     0.600000    
12500    1100.144054  -0.707424    0.000000     0.600000    
12500    1100.150806  -0.715230    0.000000     0.600000    
12500    1100.158125  -0.721117    0.000000     0.600000    
12500    1100.163360  -0.727109    0.000000     0.600000    
12500    1100.168594  -0.734839    0.000000     0.600000    
12500    1100.173836  -0.742376    0.000000     0.600000    
12500    1100.179069  -0.749651    0.000000     0.600000    
12500    1100.183762  -0.757568    0.000000     0.600000    
12500    1100.188379  -0.763185    0.000000     0.600000    
12500    1100.193190  -0.769383    0.000000     0.600000    
12500    1100.198109  -0.775832    0.000000     0.600000    
12500    1100.203138  -0.782534    0.000000     0.600000    
12500    1100.207863  -0.789467    0.000000     0.600000    
12500    1100.212497  -0.795222    0.000000     0.600000    
12500    1100.217101  -0.802845    0.000000     0.600000    
12500    1100.221686  -0.810130    0.000000     0.600000    
12500    1100.226309  -0.816865    0.000000     0.600000    
12500    1100.231052  -0.823373    0.000000     0.600000    
12500    1100.235654  -0.829611    0.000000     0.600000    
12500    1100.240285  -0.836785    0.000000     0.600000    
12500    1100.244973  -0.842747    0.000000     0.600000    
12500    1100.249627  -0.850194    0.000000     0.600000    
12500    1100.254303  -0.858062    0.000000     0.600000    
12500    1100.258929  -0.864727    0.000000     0.600000    
12500    1100.263540  -0.872001    0.000000     0.600000    
12500    1100.268145  -0.878741    0.000000     0.600000    
12500    1100.272777  -0.885899    0.000000     0.600000    
12500    1100.277466  -0.892855    0.000000     0.600000    
12500    1100.282034  -0.898407    0.000000     0.600000    
12500    1100.287716  -0.908312    0.000000     0.600000    
12500    1100.292294  -0.915405    0.000000     0.600000    
12500    1100.296908  -0.922800    0.000000     0.600000    
12500    1100.301505  -0.928963    0.000000     0.600000    
12500    1100.306115  -0.934839    0.000000     0.600000    
12500    1100.310806  -0.940031    0.000000     0.600000    
12500    1100.315531  -0.947986    0.000000     0.600000    
12500    1100.320091  -0.953410    0.000000     0.600000    
12500    1100.324617  -0.958680    0.000000     0.600000    
12500    1100.324722  -0.958680    0.000000     0.600000    
12501    1100.332901  -0.958695    0.709840     0.600000    
12601    1100.786225  -0.970692    0.712180     0.600000    
12701    1101.584712  -0.982742    0.709210     0.600000    
12801    1102.395523  -0.994604    0.708730     0.600000    
12901    1103.232581  -1.005852    0.708250     0.600000    
13001    1104.392661  -1.016320    0.711590     0.600000    
13101    1105.700477  -1.028153    0.708640     0.600000    
13201    1106.535881  -1.039814    0.705430     0.600000    
13301    1107.252045  -1.050620    0.704370     0.600000    
13401    1107.930728  -1.063091    0.704030     0.600000    
13501    1108.560424  -1.076119    0.707240     0.600000    
13601    1109.205956  -1.088148    0.705590     0.600000    
13701    1109.800635  -1.099635    0.698800     0.600000    
13801    1110.466910  -1.111775    0.699670     0.600000    
13901    1111.034787  -1.121914    0.703730     0.600000    
14001    1111.561538  -1.131440    0.699730     0.600000    
14101    1112.111849  -1.143500    0.699420     0.600000    
14201    1112.622098  -1.152960    0.697070     0.600000    
14301    1113.133830  -1.162342    0.700830     0.600000    
14401    1113.742445  -1.174556    0.696820     0.600000    
14501    1114.757641  -1.185448    0.697030     0.600000    
14601    1115.422571  -1.196816    0.696080     0.600000    
14701    1116.190094  -1.206800    0.696340     0.600000    
14801    1116.807034  -1.217460    0.696670     0.600000    
14901    1117.408988  -1.229432    0.695030     0.600000    
15001    1118.001162  -1.238106    0.694400     0.600000    
15101    1118.578175  -1.248502    0.694020     0.600000    
15201    1119.113495  -1.259156    0.689750     0.600000    
15301    1119.691513  -1.267737    0.691410     0.600000    
15401    1120.360472  -1.279179    0.691070     0.600000    
15501    1121.006254  -1.288773    0.687990     0.600000    
15601    1121.647370  -1.299219    0.687550     0.600000    
15701    1122.404277  -1.307719    0.687880     0.600000    
15801    1123.163049  -1.316240    0.685780     0.600000    
15901    1123.835052  -1.327924    0.687550     0.600000    
16001    1124.433821  -1.337395    0.683250     0.600000    
16101    1125.064725  -1.346418    0.684840     0.600000    
16201    1125.688932  -1.354904    0.682110     0.600000    
16250    1125.992253  -1.359007    0.683630     0.600000    
16250    1869.651749  -1.359007    0.000000     0.600000    
16250    1908.754113  -1.359007    0.000000     0.600000    
16250    1908.767416  -1.369278    0.000000     0.600000    
16250    1908.773764  -1.378816    0.000000     0.600000    
16250    1908.779646  -1.386675    0.000000     0.600000    
16250    1908.785514  -1.395246    0.000000     0.600000    
16250    1908.791798  -1.403689    0.000000     0.600000    
16250    1908.798031  -1.414106    0.000000     0.600000    
16250    1908.804641  -1.424363    0.000000     0.600000    
16250    1908.810932  -1.434324    0.000000     0.600000    
16250    1908.817688  -1.443223    0.000000     0.600000    
16250    1908.824411  -1.452583    0.000000     0.600000    
16250    1908.831178  -1.462333    0.000000     0.600000    
16250    1908.838188  -1.469960    0.000000     0.600000    
16250    1908.845746  -1.478281    0.000000     0.600000    
16250    1908.853229  -1.486883    0.000000     0.600000    
16250    1908.860742  -1.496101    0.000000     0.600000    
16250    1908.869175  -1.506518    0.000000     0.600000    
16250    1908.877508  -1.514801    0.000000     0.600000    
16250    1908.885824  -1.522642    0.000000     0.600000    
16250    1908.894293  -1.531397    0.000000     0.600000    
16250    1908.903089  -1.539717    0.000000     0.600000    
16250    1908.911937  -1.546081    0.000000     0.600000    
16250    1908.921425  -1.554561    0.000000     0.600000    
16250    1908.930887  -1.562324    0.000000     0.600000    
16250    1908.940365  -1.571447    0.000000     0.600000    
16250    1908.950153  -1.578765    0.000000     0.600000    
16250    1908.960538  -1.585837    0.000000     0.600000    
16250    1908.970082  -1.594263    0.000000     0.600000    
16250    1908.979385  -1.603598    0.000000     0.600000    
16250    1908.988695  -1.611229    0.000000     0.600000    
16250    1908.997901  -1.618722    0.000000     0.600000    
16250    1909.008970  -1.624542    0.000000     0.600000    
16250    1909.018312  -1.632427    0.000000     0.600000    
16250    1909.027710  -1.639525    0.000000     0.600000    
16250    1909.037016  -1.646770    0.000000     0.600000    
16250    1909.046281  -1.653860    0.000000     0.600000    
16250    1909.055570  -1.660627    0.000000     0.600000    
16250    1909.065070  -1.666716    0.000000     0.600000    
16250    1909.074159  -1.672685    0.000000     0.600000    
16250    1909.083343  -1.681852    0.000000     0.600000    
16250    1909.092480  -1.689871    0.000000     0.600000    
16250    1909.101531  -1.697137    0.000000     0.600000    
16250    1909.110563  -1.704137    0.000000     0.600000    
16250    1909.120994  -1.711067    0.000000     0.600000    
16250    1909.130317  -1.717214    0.000000     0.600000    
16250    1909.140528  -1.724512    0.000000     0.600000    
16250    1909.154964  -1.731446    0.000000     0.600000    
16250    1909.167987  -1.738390    0.000000     0.600000    
16250    1909.199517  -1.745161    0.000000     0.600000    
16250    1909.232172  -1.751535    0.000000     0.600000    
16250    1909.244197  -1.757429    0.000000     0.600000    
16250    1909.256297  -1.765478    0.000000     0.600000    
16250    1909.268208  -1.772077    0.000000     0.600000    
16250    1909.278933  -1.780363    0.000000     0.600000    
16250    1909.289211  -1.786357    0.000000     0.600000    
16250    1909.299314  -1.793462    0.000000     0.600000    
16250    1909.309579  -1.800470    0.000000     0.600000    
16250    1909.319813  -1.806964    0.000000     0.600000    
16250    1909.329983  -1.812613    0.000000     0.600000    
16250    1909.340249  -1.818980    0.000000     0.600000    
16250    1909.350448  -1.826569    0.000000     0.600000    
16250    1909.360591  -1.830968    0.000000     0.600000    
16250    1909.370419  -1.835876    0.000000     0.600000    
16250    1909.379235  -1.841845    0.000000     0.600000    
16250    1909.388125  -1.848556    0.000000     0.600000    
16250    1909.397068  -1.855765    0.000000     0.600000    
16250    1909.405925  -1.861552    0.000000     0.600000    
16250    1909.414808  -1.866351    0.000000     0.600000    
16250    1909.423732  -1.872118    0.000000     0.600000    
16250    1909.432652  -1.878215    0.000000     0.600000    
16250    1909.441698  -1.884232    0.000000     0.600000    
16250    1909.450639  -1.889030    0.000000     0.600000    
16250    1909.459540  -1.893355    0.000000     0.600000    
16250    1909.468412  -1.898340    0.000000     0.600000    
16250    1909.477399  -1.903572    0.000000     0.600000    
16250    1909.486461  -1.908290    0.000000     0.600000    
16250    1909.495443  -1.913525    0.000000     0.600000    
16250    1909.504342  -1.918253    0.000000     0.600000    
16250    1909.513348  -1.923502    0.000000     0.600000    
16250    1909.522328  -1.927733    0.000000     0.600000    
16250    1909.531236  -1.932602    0.000000     0.600000    
16250    1909.540239  -1.937077    0.000000     0.600000    
16250    1909.549432  -1.943536    0.000000     0.600000    
16250    1909.558853  -1.948683    0.000000     0.600000    
16250    1909.568157  -1.954076    0.000000     0.600000    
16250    1909.577390  -1.959089    0.000000     0.600000    
16250    1909.587048  -1.964344    0.000000     0.600000    
16250    1909.596275  -1.968686    0.000000     0.600000    
16250    1909.605674  -1.973012    0.000000     0.600000    
16250    1909.614698  -1.978035    0.000000     0.600000    
16250    1909.623787  -1.983190    0.000000     0.600000    
16250    1909.633117  -1.987510    0.000000     0.600000    
16250    1909.642238  -1.992266    0.000000     0.600000    
16250    1909.651479  -1.996781    0.000000     0.600000    
16250    1909.660596  -2.001045    0.000000     0.600000    
16250    1909.669804  -2.005784    0.000000     0.600000    
16250    1909.679155  -2.010204    0.000000     0.600000    
16250    1909.688524  -2.014781    0.000000     0.600000    
16250    1909.697715  -2.018649    0.000000     0.600000    
16250    1909.706718  -2.023358    0.000000     0.600000    
16250    1909.715853  -2.029398    0.000000     0.600000    
16250    1909.724997  -2.033400    0.000000     0.600000    
16250    1909.735304  -2.037569    0.000000     0.600000    
16250    1909.743565  -2.040765    0.000000     0.600000    
16250    1909.755247  -2.044924    0.000000     0.600000    
16250    1909.763192  -2.049357    0.000000     0.600000    
16250    1909.771235  -2.054063    0.000000     0.600000    
16250    1909.779248  -2.057800    0.000000     0.600000    
16250    1909.787940  -2.062212    0.000000     0.600000    
16250    1909.795729  -2.066824    0.000000     0.600000    
16250    1909.803888  -2.071317    0.000000     0.600000    
16250    1909.811792  -2.076109    0.000000     0.600000    
16250    1909.819561  -2.079672    0.000000     0.600000    
16250    1909.827391  -2.082386    0.000000     0.600000    
16250    1909.835292  -2.085488    0.000000     0.600000    
16250    1909.843009  -2.088204    0.000000     0.600000    
16250    1909.850883  -2.091946    0.000000     0.600000    
16250    1909.858675  -2.096315    0.000000     0.600000    
16250    1909.866390  -2.100798    0.000000     0.600000    
16250    1909.874246  -2.104803    0.000000     0.600000    
16250    1909.882198  -2.108533    0.000000     0.600000    
16250    1909.889932  -2.112342    0.000000     0.600000    
16250    1909.897910  -2.115450    0.000000     0.600000    
16250    1909.905369  -2.119315    0.000000     0.600000    
16250    1909.912438  -2.123749    0.000000     0.600000    
16250    1909.919385  -2.127517    0.000000     0.600000    
16250    1909.926294  -2.131243    0.000000     0.600000    
16250    1909.933704  -2.135790    0.000000     0.600000    
16250    1909.940888  -2.139469    0.000000     0.600000    
16250    1909.948590  -2.143140    0.000000     0.600000    
16250    1909.956264  -2.146133    0.000000     0.600000    
16250    1909.963886  -2.149880    0.000000     0.600000    
16250    1909.971526  -2.153421    0.000000     0.600000    
16250    1909.979184  -2.156712    0.000000     0.600000    
16250    1909.986786  -2.159063    0.000000     0.600000    
16250    1909.994372  -2.161304    0.000000     0.600000    
16250    1910.001956  -2.164280    0.000000     0.600000    
16250    1910.009592  -2.167632    0.000000     0.600000    
16250    1910.017827  -2.171273    0.000000     0.600000    
16250    1910.025559  -2.174451    0.000000     0.600000    
16250    1910.033442  -2.177418    0.000000     0.600000    
16250    1910.041402  -2.180508    0.000000     0.600000    
16250    1910.049230  -2.183657    0.000000     0.600000    
16250    1910.056982  -2.186528    0.000000     0.600000    
16250    1910.064732  -2.189777    0.000000     0.600000    
16250    1910.072347  -2.192817    0.000000     0.600000    
16250    1910.080069  -2.196679    0.000000     0.600000    
16250    1910.087653  -2.199635    0.000000     0.600000    
16250    1910.095219  -2.203034    0.000000     0.600000    
16250    1910.102868  -2.205680    0.000000     0.600000    
16250    1910.110468  -2.208942    0.000000     0.600000    
16250    1910.118212  -2.212053    0.000000     0.600000    
16250    1910.126051  -2.214103    0.000000     0.600000    
16250    1910.133745  -2.217194    0.000000     0.600000    
16250    1910.141420  -2.220507    0.000000     0.600000    
16250    1910.149960  -2.223538    0.000000     0.600000    
16250    1910.157958  -2.226568    0.000000     0.600000    
16250    1910.165867  -2.229818    0.000000     0.600000    
16250    1910.174407  -2.232860    0.000000     0.600000    
16250    1910.183025  -2.236411    0.000000     0.600000    
16250    1910.191788  -2.240354    0.000000     0.600000    
16250    1910.200395  -2.243246    0.000000     0.600000    
16250    1910.209422  -2.245760    0.000000     0.600000    
16250    1910.218072  -2.248063    0.000000     0.600000    
16250    1910.226659  -2.250878    0.000000     0.600000    
16250    1910.235093  -2.253565    0.000000     0.600000    
16250    1910.243597  -2.256222    0.000000     0.600000    
16250    1910.252031  -2.259378    0.000000     0.600000    
16250    1910.260569  -2.262225    0.000000     0.600000    
16250    1910.269464  -2.264964    0.000000     0.600000    
16250    1910.278107  -2.268043    0.000000     0.600000    
16250    1910.286744  -2.271688    0.000000     0.600000    
16250    1910.295608  -2.275046    0.000000     0.600000    
16250    1910.304166  -2.278192    0.000000     0.600000    
16250    1910.312717  -2.280576    0.000000     0.600000    
16250    1910.321215  -2.283240    0.000000     0.600000    
16250    1910.329708  -2.286246    0.000000     0.600000    
16250    1910.338230  -2.289035    0.000000     0.600000    
16250    1910.346678  -2.291833    0.000000     0.600000    
16250    1910.355145  -2.294549    0.000000     0.600000    
16250    1910.363531  -2.297181    0.000000     0.600000    
16250    1910.371884  -2.299745    0.000000     0.600000    
16250    1910.380293  -2.302680    0.000000     0.600000    
16250    1910.388664  -2.305046    0.000000     0.600000    
16250    1910.397050  -2.307669    0.000000     0.600000    
16250    1910.405400  -2.309874    0.000000     0.600000    
16250    1910.413705  -2.313127    0.000000     0.600000    
16250    1910.422043  -2.316484    0.000000     0.600000    
16250    1910.430414  -2.319514    0.000000     0.600000    
16250    1910.438791  -2.322321    0.000000     0.600000    
16250    1910.447170  -2.324809    0.000000     0.600000    
16250    1910.455472  -2.326522    0.000000     0.600000    
16250    1910.463870  -2.329510    0.000000     0.600000    
16250    1910.472222  -2.331951    0.000000     0.600000    
16250    1910.480495  -2.334617    0.000000     0.600000    
16250    1910.488809  -2.337204    0.000000     0.600000    
16250    1910.497085  -2.339529    0.000000     0.600000    
16250    1910.505408  -2.342695    0.000000     0.600000    
16250    1910.513635  -2.344999    0.000000     0.600000    
16250    1910.521987  -2.347847    0.000000     0.600000    
16250    1910.530357  -2.349875    0.000000     0.600000    
16250    1910.530536  -2.349875    0.000000     0.600000    
16251    1910.544718  -2.349899    0.555230     0.600000    
16351    1911.338881  -2.355070    0.557380     0.600000    
16451    1912.204490  -2.360451    0.559310     0.600000    
16551    1913.145225  -2.364403    0.556240     0.600000    
16651    1914.139783  -2.370397    0.554370     0.600000    
16751    1915.496111  -2.375087    0.555450     0.600000    
16851    1916.276972  -2.379479    0.549430     0.600000    
16951    1916.982071  -2.383692    0.549180     0.600000    
17051    1917.687982  -2.388275    0.550680     0.600000    
17151    1918.538903  -2.392994    0.551850     0.600000    
17251    1919.362930  -2.397799    0.549950     0.600000    
17351    1920.243848  -2.402573    0.547740     0.600000    
17451    1921.149327  -2.406865    0.545620     0.600000    
17551    1922.309421  -2.411155    0.545260     0.600000    
17651    1923.671957  -2.415533    0.543230     0.600000    
17751    1924.954557  -2.420655    0.546550     0.600000    
17851    1925.691760  -2.426418    0.542390     0.600000    
17951    1926.363745  -2.430423    0.542020     0.600000    
18051    1927.028576  -2.433933    0.538960     0.600000    
18151    1927.654428  -2.438898    0.537250     0.600000    
18251    1928.286582  -2.443865    0.538540     0.600000    
18351    1928.928979  -2.447645    0.534850     0.600000    
18451    1929.553340  -2.452072    0.534340     0.600000    
18551    1930.382335  -2.456869    0.536000     0.600000    
18651    1931.178931  -2.461994    0.533230     0.600000    
18751    1931.867491  -2.466408    0.531900     0.600000    
18851    1932.460228  -2.470906    0.532970     0.600000    
18951    1933.056233  -2.475664    0.531170     0.600000    
19051    1933.721871  -2.479980    0.528290     0.600000    
19151    1934.301996  -2.484142    0.526980     0.600000    
19250    1934.873778  -2.488119    0.526560     0.600000    
19250    3166.885626  -2.488119    0.000000     0.600000    
19250    3226.596245  -2.488119    0.000000     0.600000    
19250    3226.629499  -2.491716    0.000000     0.600000    
19250    3226.640579  -2.495800    0.000000     0.600000    
19250    3226.647454  -2.499233    0.000000     0.600000    
19250    3226.654768  -2.502791    0.000000     0.600000    
19250    3226.662197  -2.506610    0.000000     0.600000    
19250    3226.669626  -2.510556    0.000000     0.600000    
19250    3226.677443  -2.514200    0.000000     0.600000    
19250    3226.687755  -2.518018    0.000000     0.600000    
19250    3226.698178  -2.521899    0.000000     0.600000    
19250    3226.707443  -2.525330    0.000000     0.600000    
19250    3226.716560  -2.529056    0.000000     0.600000    
19250    3226.725777  -2.532784    0.000000     0.600000    
19250    3226.735073  -2.536622    0.000000     0.600000    
19250    3226.750081  -2.540045    0.000000     0.600000    
19250    3226.760537  -2.543959    0.000000     0.600000    
19250    3226.770142  -2.547610    0.000000     0.600000    
19250    3226.780353  -2.551238    0.000000     0.600000    
19250    3226.789911  -2.555474    0.000000     0.600000    
19250    3226.799466  -2.558745    0.000000     0.600000    
19250    3226.808833  -2.562503    0.000000     0.600000    
19250    3226.818194  -2.566372    0.000000     0.600000    
19250    3226.828536  -2.569732    0.000000     0.600000    
19250    3226.837808  -2.573081    0.000000     0.600000    
19250    3226.847074  -2.577167    0.000000     0.600000    
19250    3226.856294  -2.579985    0.000000     0.600000    
19250    3226.865488  -2.583553    0.000000     0.600000    
19250    3226.875870  -2.586884    0.000000     0.600000    
19250    3226.886404  -2.590069    0.000000     0.600000    
19250    3226.896973  -2.593223    0.000000     0.600000    
19250    3226.907622  -2.597268    0.000000     0.600000    
19250    3226.918215  -2.600813    0.000000     0.600000    
19250    3226.929096  -2.603508    0.000000     0.600000    
19250    3226.941686  -2.607214    0.000000     0.600000    
19250    3226.954246  -2.610070    0.000000     0.600000    
19250    3226.966681  -2.613538    0.000000     0.600000    
19250    3226.979211  -2.617270    0.000000     0.600000    
19250    3226.994285  -2.620441    0.000000     0.600000    
19250    3227.008893  -2.623360    0.000000     0.600000    
19250    3227.023465  -2.626531    0.000000     0.600000    
19250    3227.038122  -2.629937    0.000000     0.600000    
19250    3227.052655  -2.632896    0.000000     0.600000    
19250    3227.067107  -2.636023    0.000000     0.600000    
19250    3227.084150  -2.639231    0.000000     0.600000    
19250    3227.102952  -2.642899    0.000000     0.600000    
19250    3227.121719  -2.646467    0.000000     0.600000    
19250    3227.140255  -2.649359    0.000000     0.600000    
19250    3227.158838  -2.652639    0.000000     0.600000    
19250    3227.177334  -2.655781    0.000000     0.600000    
19250    3227.196362  -2.658661    0.000000     0.600000    
19250    3227.215105  -2.661892    0.000000     0.600000    
19250    3227.230125  -2.664005    0.000000     0.600000    
19250    3227.244764  -2.666832    0.000000     0.600000    
19250    3227.259286  -2.669571    0.000000     0.600000    
19250    3227.274183  -2.672865    0.000000     0.600000    
19250    3227.288841  -2.676586    0.000000     0.600000    
19250    3227.303302  -2.679269    0.000000     0.600000    
19250    3227.317814  -2.681273    0.000000     0.600000    
19250    3227.331142  -2.684452    0.000000     0.600000    
19250    3227.342978  -2.686754    0.000000     0.600000    
19250    3227.354936  -2.689756    0.000000     0.600000    
19250    3227.366782  -2.693014    0.000000     0.600000    
19250    3227.378679  -2.695887    0.000000     0.600000    
19250    3227.390685  -2.699107    0.000000     0.600000    
19250    3227.402863  -2.701296    0.000000     0.600000    
19250    3227.415106  -2.704089    0.000000     0.600000    
19250    3227.427122  -2.706738    0.000000     0.600000    
19250    3227.438709  -2.709638    0.000000     0.600000    
19250    3227.448944  -2.711983    0.000000     0.600000    
19250    3227.459232  -2.714981    0.000000     0.600000    
19250    3227.469404  -2.717537    0.000000     0.600000    
19250    3227.479598  -2.719801    0.000000     0.600000    
19250    3227.489707  -2.722035    0.000000     0.600000    
19250    3227.499753  -2.724222    0.000000     0.600000    
19250    3227.509834  -2.726811    0.000000     0.600000    
19250    3227.520534  -2.729637    0.000000     0.600000    
19250    3227.530907  -2.731398    0.000000     0.600000    
19250    3227.541286  -2.733841    0.000000     0.600000    
19250    3227.551609  -2.736286    0.000000     0.600000    
19250    3227.562007  -2.739152    0.000000     0.600000    
19250    3227.572359  -2.741817    0.000000     0.600000    
19250    3227.582668  -2.744285    0.000000     0.600000    
19250    3227.591479  -2.746250    0.000000     0.600000    
19250    3227.600363  -2.748692    0.000000     0.600000    
19250    3227.609212  -2.750996    0.000000     0.600000    
19250    3227.618166  -2.753300    0.000000     0.600000    
19250    3227.627208  -2.755452    0.000000     0.600000    
19250    3227.636143  -2.757299    0.000000     0.600000    
19250    3227.645010  -2.759263    0.000000     0.600000    
19250    3227.655005  -2.761632    0.000000     0.600000    
19250    3227.663826  -2.764266    0.000000     0.600000    
19250    3227.672634  -2.766586    0.000000     0.600000    
19250    3227.681384  -2.768531    0.000000     0.600000    
19250    3227.690124  -2.770458    0.000000     0.600000    
19250    3227.698802  -2.772379    0.000000     0.600000    
19250    3227.707637  -2.774530    0.000000     0.600000    
19250    3227.716638  -2.776589    0.000000     0.600000    
19250    3227.725344  -2.779068    0.000000     0.600000    
19250    3227.734052  -2.780947    0.000000     0.600000    
19250    3227.742733  -2.783131    0.000000     0.600000    
19250    3227.751407  -2.785147    0.000000     0.600000    
19250    3227.760097  -2.787050    0.000000     0.600000    
19250    3227.768780  -2.789343    0.000000     0.600000    
19250    3227.777553  -2.791283    0.000000     0.600000    
19250    3227.786313  -2.793143    0.000000     0.600000    
19250    3227.794940  -2.795240    0.000000     0.600000    
19250    3227.803603  -2.797502    0.000000     0.600000    
19250    3227.814045  -2.799148    0.000000     0.600000    
19250    3227.822873  -2.801231    0.000000     0.600000    
19250    3227.833304  -2.803583    0.000000     0.600000    
19250    3227.841927  -2.805037    0.000000     0.600000    
19250    3227.850632  -2.806952    0.000000     0.600000    
19250    3227.859233  -2.808547    0.000000     0.600000    
19250    3227.868303  -2.810771    0.000000     0.600000    
19250    3227.877152  -2.812485    0.000000     0.600000    
19250    3227.885995  -2.814665    0.000000     0.600000    
19250    3227.894644  -2.816595    0.000000     0.600000    
19250    3227.903351  -2.818164    0.000000     0.600000    
19250    3227.912142  -2.819843    0.000000     0.600000    
19250    3227.921475  -2.821974    0.000000     0.600000    
19250    3227.930186  -2.823747    0.000000     0.600000    
19250    3227.939045  -2.825365    0.000000     0.600000    
19250    3227.947758  -2.827146    0.000000     0.600000    
19250    3227.956507  -2.829132    0.000000     0.600000    
19250    3227.965254  -2.830982    0.000000     0.600000    
19250    3227.973985  -2.832578    0.000000     0.600000    
19250    3227.982944  -2.834169    0.000000     0.600000    
19250    3227.991715  -2.835796    0.000000     0.600000    
19250    3228.000262  -2.837638    0.000000     0.600000    
19250    3228.008837  -2.839159    0.000000     0.600000    
19250    3228.017532  -2.840829    0.000000     0.600000    
19250    3228.026390  -2.842749    0.000000     0.600000    
19250    3228.041456  -2.844500    0.000000     0.600000    
19250    3228.052570  -2.846404    0.000000     0.600000    
19250    3228.061086  -2.848164    0.000000     0.600000    
19250    3228.070089  -2.849732    0.000000     0.600000    
19250    3228.078819  -2.851650    0.000000     0.600000    
19250    3228.087637  -2.853308    0.000000     0.600000    
19250    3228.096305  -2.855039    0.000000     0.600000    
19250    3228.104832  -2.856535    0.000000     0.600000    
19250    3228.113364  -2.857548    0.000000     0.600000    
19250    3228.122034  -2.859259    0.000000     0.600000    
19250    3228.130631  -2.860747    0.000000     0.600000    
19250    3228.139449  -2.862452    0.000000     0.600000    
19250    3228.147958  -2.864037    0.000000     0.600000    
19250    3228.161374  -2.865932    0.000000     0.600000    
19250    3228.169365  -2.867392    0.000000     0.600000    
19250    3228.176891  -2.868935    0.000000     0.600000    
19250    3228.184680  -2.870296    0.000000     0.600000    
19250    3228.195277  -2.871554    0.000000     0.600000    
19250    3228.202815  -2.873135    0.000000     0.600000    
19250    3228.210252  -2.874133    0.000000     0.600000    
19250    3228.217744  -2.875803    0.000000     0.600000    
19250    3228.225149  -2.877359    0.000000     0.600000    
19250    3228.232597  -2.878897    0.000000     0.600000    
19250    3228.240035  -2.879887    0.000000     0.600000    
19250    3228.247403  -2.880948    0.000000     0.600000    
19250    3228.256420  -2.882396    0.000000     0.600000    
19250    3228.263877  -2.883690    0.000000     0.600000    
19250    3228.271371  -2.885472    0.000000     0.600000    
19250    3228.278747  -2.886857    0.000000     0.600000    
19250    3228.289302  -2.888318    0.000000     0.600000    
19250    3228.296805  -2.889716    0.000000     0.600000    
19250    3228.304353  -2.891582    0.000000     0.600000    
19250    3228.311789  -2.892757    0.000000     0.600000    
19250    3228.319216  -2.893825    0.000000     0.600000    
19250    3228.333550  -2.895357    0.000000     0.600000    
19250    3228.340980  -2.896258    0.000000     0.600000    
19250    3228.348423  -2.897528    0.000000     0.600000    
19250    3228.355930  -2.898959    0.000000     0.600000    
19250    3228.363286  -2.900061    0.000000     0.600000    
19250    3228.370686  -2.901433    0.000000     0.600000    
19250    3228.378023  -2.902983    0.000000     0.600000    
19250    3228.386008  -2.904611    0.000000     0.600000    
19250    3228.399512  -2.905718    0.000000     0.600000    
19250    3228.419486  -2.906953    0.000000     0.600000    
19250    3228.427947  -2.908416    0.000000     0.600000    
19250    3228.435337  -2.909615    0.000000     0.600000    
19250    3228.442875  -2.910901    0.000000     0.600000    
19250    3228.450563  -2.912143    0.000000     0.600000    
19250    3228.458715  -2.913568    0.000000     0.600000    
19250    3228.466232  -2.915125    0.000000     0.600000    
19250    3228.473619  -2.916206    0.000000     0.600000    
19250    3228.481409  -2.917338    0.000000     0.600000    
19250    3228.488940  -2.918351    0.000000     0.600000    
19250    3228.496502  -2.919584    0.000000     0.600000    
19250    3228.504092  -2.920944    0.000000     0.600000    
19250    3228.511575  -2.922037    0.000000     0.600000    
19250    3228.519272  -2.923372    0.000000     0.600000    
19250    3228.526670  -2.924310    0.000000     0.600000    
19250    3228.533959  -2.925218    0.000000     0.600000    
19250    3228.541294  -2.926352    0.000000     0.600000    
19250    3228.565379  -2.927490    0.000000     0.600000    
19250    3228.572807  -2.928492    0.000000     0.600000    
19250    3228.580820  -2.929471    0.000000     0.600000    
19250    3228.588139  -2.930641    0.000000     0.600000    
19250    3228.595508  -2.931785    0.000000     0.600000    
19250    3228.602781  -2.932897    0.000000     0.600000    
19250    3228.610022  -2.934058    0.000000     0.600000    
19250    3228.617556  -2.935189    0.000000     0.600000    
19250    3228.625313  -2.936356    0.000000     0.600000    
19250    3228.625471  -2.936356    0.000000     0.600000    
