# Energy vs Time Data
# Generated on: 2025-06-13 17:08:23
# Columns: Step, Time_Elapsed_s, U_max, Acceptance_Ratio, dx
#
0        0.000000     21.605352    0.000000     0.600000    
0        101.646733   21.605352    0.000000     0.600000    
0        122.765273   21.605352    0.000000     0.600000    
0        122.775523   21.471304    0.000000     0.600000    
0        122.782913   21.323051    0.000000     0.600000    
0        122.790173   21.171486    0.000000     0.600000    
0        122.797544   21.047466    0.000000     0.600000    
0        122.804561   20.902151    0.000000     0.600000    
0        122.810684   20.765507    0.000000     0.600000    
0        122.818214   20.615168    0.000000     0.600000    
0        122.824741   20.476778    0.000000     0.600000    
0        122.830458   20.338032    0.000000     0.600000    
0        122.836980   20.208279    0.000000     0.600000    
0        122.843050   20.054647    0.000000     0.600000    
0        122.849053   19.920887    0.000000     0.600000    
0        122.856641   19.767683    0.000000     0.600000    
0        122.863713   19.653061    0.000000     0.600000    
0        122.870542   19.511402    0.000000     0.600000    
0        122.877537   19.376862    0.000000     0.600000    
0        122.884362   19.208843    0.000000     0.600000    
0        122.891259   19.087152    0.000000     0.600000    
0        122.898121   18.960274    0.000000     0.600000    
0        122.904584   18.822330    0.000000     0.600000    
0        122.911417   18.718460    0.000000     0.600000    
0        122.917832   18.570633    0.000000     0.600000    
0        122.924428   18.447304    0.000000     0.600000    
0        122.931040   18.311636    0.000000     0.600000    
0        122.937776   18.192200    0.000000     0.600000    
0        122.943806   18.051411    0.000000     0.600000    
0        122.949873   17.930349    0.000000     0.600000    
0        122.955530   17.781742    0.000000     0.600000    
0        122.961322   17.616354    0.000000     0.600000    
0        122.967913   17.485558    0.000000     0.600000    
0        122.973486   17.361217    0.000000     0.600000    
0        122.978987   17.261761    0.000000     0.600000    
0        122.984673   17.157742    0.000000     0.600000    
0        122.990159   17.045330    0.000000     0.600000    
0        122.995688   16.942593    0.000000     0.600000    
0        123.001054   16.845192    0.000000     0.600000    
0        123.006248   16.738604    0.000000     0.600000    
0        123.011413   16.660322    0.000000     0.600000    
0        123.016661   16.558907    0.000000     0.600000    
0        123.021858   16.456566    0.000000     0.600000    
0        123.027028   16.355042    0.000000     0.600000    
0        123.032201   16.242573    0.000000     0.600000    
0        123.037318   16.133636    0.000000     0.600000    
0        123.042422   16.042068    0.000000     0.600000    
0        123.047600   15.923450    0.000000     0.600000    
0        123.052768   15.835678    0.000000     0.600000    
0        123.057882   15.710484    0.000000     0.600000    
0        123.063184   15.604177    0.000000     0.600000    
0        123.068437   15.535563    0.000000     0.600000    
0        123.073643   15.427703    0.000000     0.600000    
0        123.078774   15.332973    0.000000     0.600000    
0        123.083944   15.244620    0.000000     0.600000    
0        123.089062   15.168981    0.000000     0.600000    
0        123.094184   15.081205    0.000000     0.600000    
0        123.099504   14.997683    0.000000     0.600000    
0        123.104682   14.899303    0.000000     0.600000    
0        123.109822   14.807152    0.000000     0.600000    
0        123.114982   14.719274    0.000000     0.600000    
0        123.120124   14.631191    0.000000     0.600000    
0        123.125256   14.538160    0.000000     0.600000    
0        123.130389   14.432313    0.000000     0.600000    
0        123.135525   14.334357    0.000000     0.600000    
0        123.140643   14.244178    0.000000     0.600000    
0        123.145874   14.147633    0.000000     0.600000    
0        123.151047   14.056679    0.000000     0.600000    
0        123.156197   13.978199    0.000000     0.600000    
0        123.161331   13.887506    0.000000     0.600000    
0        123.166775   13.808849    0.000000     0.600000    
0        123.171911   13.736876    0.000000     0.600000    
0        123.177073   13.659613    0.000000     0.600000    
0        123.182209   13.582074    0.000000     0.600000    
0        123.187329   13.515511    0.000000     0.600000    
0        123.192448   13.445574    0.000000     0.600000    
0        123.197628   13.370836    0.000000     0.600000    
0        123.202834   13.304521    0.000000     0.600000    
0        123.207987   13.222820    0.000000     0.600000    
0        123.213219   13.142246    0.000000     0.600000    
0        123.218427   13.079634    0.000000     0.600000    
0        123.223616   13.019461    0.000000     0.600000    
0        123.228757   12.935926    0.000000     0.600000    
0        123.233892   12.868944    0.000000     0.600000    
0        123.238952   12.794514    0.000000     0.600000    
0        123.243987   12.723536    0.000000     0.600000    
0        123.249236   12.656013    0.000000     0.600000    
0        123.254347   12.580705    0.000000     0.600000    
0        123.259375   12.531620    0.000000     0.600000    
0        123.264628   12.459694    0.000000     0.600000    
0        123.269702   12.399162    0.000000     0.600000    
0        123.274811   12.333099    0.000000     0.600000    
0        123.279935   12.265869    0.000000     0.600000    
0        123.285259   12.208308    0.000000     0.600000    
0        123.290526   12.147240    0.000000     0.600000    
0        123.295783   12.078329    0.000000     0.600000    
0        123.300903   12.014832    0.000000     0.600000    
0        123.305985   11.964378    0.000000     0.600000    
0        123.311110   11.907723    0.000000     0.600000    
0        123.316103   11.845066    0.000000     0.600000    
0        123.321084   11.771789    0.000000     0.600000    
0        123.326048   11.698776    0.000000     0.600000    
0        123.331313   11.650435    0.000000     0.600000    
0        123.336329   11.598379    0.000000     0.600000    
0        123.341317   11.552499    0.000000     0.600000    
0        123.346388   11.498477    0.000000     0.600000    
0        123.351359   11.433264    0.000000     0.600000    
0        123.356321   11.384048    0.000000     0.600000    
0        123.361266   11.330147    0.000000     0.600000    
0        123.366309   11.276812    0.000000     0.600000    
0        123.371250   11.229319    0.000000     0.600000    
0        123.376175   11.169048    0.000000     0.600000    
0        123.381112   11.118296    0.000000     0.600000    
0        123.386010   11.059245    0.000000     0.600000    
0        123.390970   11.003794    0.000000     0.600000    
0        123.396003   10.938823    0.000000     0.600000    
0        123.401024   10.885675    0.000000     0.600000    
0        123.405992   10.837311    0.000000     0.600000    
0        123.410983   10.786818    0.000000     0.600000    
0        123.415937   10.747156    0.000000     0.600000    
0        123.420893   10.693151    0.000000     0.600000    
0        123.425852   10.647751    0.000000     0.600000    
0        123.431039   10.593399    0.000000     0.600000    
0        123.436011   10.539917    0.000000     0.600000    
0        123.440926   10.493702    0.000000     0.600000    
0        123.445923   10.444715    0.000000     0.600000    
0        123.450890   10.396003    0.000000     0.600000    
0        123.455860   10.347809    0.000000     0.600000    
0        123.460773   10.307872    0.000000     0.600000    
0        123.465912   10.276813    0.000000     0.600000    
0        123.470940   10.237514    0.000000     0.600000    
0        123.475860   10.197618    0.000000     0.600000    
0        123.480749   10.156566    0.000000     0.600000    
0        123.485639   10.112775    0.000000     0.600000    
0        123.490541   10.066322    0.000000     0.600000    
0        123.495555   10.013348    0.000000     0.600000    
0        123.500581   9.972430     0.000000     0.600000    
0        123.505493   9.929276     0.000000     0.600000    
0        123.510376   9.896381     0.000000     0.600000    
0        123.515379   9.857771     0.000000     0.600000    
0        123.520280   9.803307     0.000000     0.600000    
0        123.525170   9.758479     0.000000     0.600000    
0        123.530225   9.716335     0.000000     0.600000    
0        123.535197   9.670949     0.000000     0.600000    
0        123.540056   9.636003     0.000000     0.600000    
0        123.544971   9.591336     0.000000     0.600000    
0        123.549898   9.539616     0.000000     0.600000    
0        123.554823   9.498244     0.000000     0.600000    
0        123.559702   9.468088     0.000000     0.600000    
0        123.564756   9.428563     0.000000     0.600000    
0        123.569654   9.387271     0.000000     0.600000    
0        123.574519   9.354174     0.000000     0.600000    
0        123.579428   9.317881     0.000000     0.600000    
0        123.584332   9.269639     0.000000     0.600000    
0        123.589238   9.235795     0.000000     0.600000    
0        123.594125   9.193489     0.000000     0.600000    
0        123.598988   9.161202     0.000000     0.600000    
0        123.603807   9.123500     0.000000     0.600000    
0        123.608602   9.092035     0.000000     0.600000    
0        123.613514   9.046227     0.000000     0.600000    
0        123.618534   9.012573     0.000000     0.600000    
0        123.623440   8.973957     0.000000     0.600000    
0        123.628316   8.943476     0.000000     0.600000    
0        123.633333   8.904921     0.000000     0.600000    
0        123.638218   8.876249     0.000000     0.600000    
0        123.643043   8.846833     0.000000     0.600000    
0        123.648042   8.811994     0.000000     0.600000    
0        123.652980   8.776100     0.000000     0.600000    
0        123.657887   8.741205     0.000000     0.600000    
0        123.662828   8.707823     0.000000     0.600000    
0        123.667743   8.684410     0.000000     0.600000    
0        123.672666   8.658117     0.000000     0.600000    
0        123.677560   8.624454     0.000000     0.600000    
0        123.682480   8.578076     0.000000     0.600000    
0        123.687317   8.550381     0.000000     0.600000    
0        123.692382   8.513815     0.000000     0.600000    
0        123.697452   8.486617     0.000000     0.600000    
0        123.702335   8.460855     0.000000     0.600000    
0        123.707223   8.426426     0.000000     0.600000    
0        123.712093   8.395184     0.000000     0.600000    
0        123.716963   8.363770     0.000000     0.600000    
0        123.721871   8.336424     0.000000     0.600000    
0        123.726726   8.306277     0.000000     0.600000    
0        123.731901   8.276051     0.000000     0.600000    
0        123.736776   8.245544     0.000000     0.600000    
0        123.741659   8.209324     0.000000     0.600000    
0        123.746821   8.183215     0.000000     0.600000    
0        123.751915   8.157646     0.000000     0.600000    
0        123.756853   8.124698     0.000000     0.600000    
0        123.761752   8.098254     0.000000     0.600000    
0        123.767159   8.070022     0.000000     0.600000    
0        123.772126   8.045173     0.000000     0.600000    
0        123.777057   8.010757     0.000000     0.600000    
0        123.781937   7.980815     0.000000     0.600000    
0        123.786789   7.957870     0.000000     0.600000    
0        123.791790   7.931520     0.000000     0.600000    
0        123.796783   7.907483     0.000000     0.600000    
0        123.801633   7.879849     0.000000     0.600000    
0        123.806521   7.846883     0.000000     0.600000    
0        123.811354   7.817360     0.000000     0.600000    
0        123.816205   7.787087     0.000000     0.600000    
0        123.821221   7.756159     0.000000     0.600000    
0        123.826248   7.733927     0.000000     0.600000    
0        123.826351   7.733927     0.000000     0.600000    
1        123.835859   7.733581     0.889280     0.600000    
101      124.280444   7.677670     0.890580     0.600000    
201      124.749703   7.627617     0.889830     0.600000    
301      125.207297   7.572479     0.889170     0.600000    
401      125.681496   7.522545     0.889580     0.600000    
501      126.051333   7.468238     0.887830     0.600000    
601      126.391395   7.416182     0.887600     0.600000    
701      126.707653   7.362468     0.888300     0.600000    
801      127.058620   7.315546     0.887380     0.600000    
901      127.419093   7.262193     0.886690     0.600000    
1001     128.109496   7.210255     0.887620     0.600000    
1101     128.540891   7.158103     0.886830     0.600000    
1201     128.928181   7.110378     0.885860     0.600000    
1301     129.252331   7.063762     0.888590     0.600000    
1401     129.576442   7.020614     0.883550     0.600000    
1501     129.920010   6.975255     0.884850     0.600000    
1601     130.230557   6.927519     0.886280     0.600000    
1701     130.548116   6.878509     0.884240     0.600000    
1801     130.865628   6.834621     0.885750     0.600000    
1901     131.178617   6.791130     0.886450     0.600000    
2001     131.493665   6.747972     0.881670     0.600000    
2101     131.803368   6.707653     0.882570     0.600000    
2201     132.112571   6.662918     0.881940     0.600000    
2301     132.437781   6.613330     0.882380     0.600000    
2401     132.752475   6.556748     0.881030     0.600000    
2501     133.131494   6.512159     0.882910     0.600000    
2601     133.535131   6.463132     0.880870     0.600000    
2701     133.958682   6.425579     0.880770     0.600000    
2801     134.327135   6.387005     0.879870     0.600000    
2901     134.645291   6.345168     0.880260     0.600000    
3001     134.977378   6.297362     0.879370     0.600000    
3101     135.291933   6.249866     0.878570     0.600000    
3201     135.609100   6.205724     0.879240     0.600000    
3301     135.925471   6.167049     0.879000     0.600000    
3401     136.289184   6.124624     0.876150     0.600000    
3501     136.769989   6.085745     0.877480     0.600000    
3601     137.104628   6.049080     0.877430     0.600000    
3701     137.425220   6.005956     0.877640     0.600000    
3801     137.742675   5.963841     0.873880     0.600000    
3901     138.060135   5.927577     0.876540     0.600000    
4001     138.379237   5.884156     0.876860     0.600000    
4101     138.696640   5.851912     0.874590     0.600000    
4201     139.016661   5.819855     0.875180     0.600000    
4301     139.338314   5.785759     0.874700     0.600000    
4401     139.660174   5.747169     0.874340     0.600000    
4501     139.980728   5.715235     0.872030     0.600000    
4601     140.297232   5.684576     0.870890     0.600000    
4701     140.620856   5.646633     0.874130     0.600000    
4801     140.942823   5.615278     0.874170     0.600000    
4901     141.265872   5.580450     0.871200     0.600000    
5001     141.590039   5.545926     0.874230     0.600000    
5101     141.911008   5.513040     0.872080     0.600000    
5201     142.233128   5.477504     0.869610     0.600000    
5301     142.556023   5.440995     0.873520     0.600000    
5401     142.876827   5.406565     0.873740     0.600000    
5501     143.200784   5.370305     0.871150     0.600000    
5601     143.524627   5.338635     0.869190     0.600000    
5701     143.845824   5.304912     0.869960     0.600000    
5801     144.170548   5.270536     0.867720     0.600000    
5901     144.495203   5.239141     0.866680     0.600000    
6001     144.819627   5.207126     0.869100     0.600000    
6101     145.147394   5.172959     0.867380     0.600000    
6201     145.472912   5.142696     0.865200     0.600000    
6301     145.800225   5.112255     0.866930     0.600000    
6401     146.127875   5.079445     0.864890     0.600000    
6501     146.452794   5.046774     0.866110     0.600000    
6601     146.777377   5.013037     0.865890     0.600000    
6701     147.104770   4.986486     0.864950     0.600000    
6801     147.534794   4.955584     0.863460     0.600000    
6901     147.886308   4.927648     0.866770     0.600000    
7001     148.215426   4.897204     0.863160     0.600000    
7101     148.545502   4.866165     0.860390     0.600000    
7201     148.873528   4.834772     0.863290     0.600000    
7301     149.204034   4.808114     0.860860     0.600000    
7401     149.531725   4.780980     0.861160     0.600000    
7500     149.859474   4.750299     0.861270     0.600000    
7500     447.059172   4.750299     0.000000     0.600000    
7500     471.629795   4.750299     0.000000     0.600000    
7500     471.640683   4.723533     0.000000     0.600000    
7500     471.648241   4.697478     0.000000     0.600000    
7500     471.655485   4.673763     0.000000     0.600000    
7500     471.662405   4.643124     0.000000     0.600000    
7500     471.669289   4.615933     0.000000     0.600000    
7500     471.676003   4.586445     0.000000     0.600000    
7500     471.682948   4.561327     0.000000     0.600000    
7500     471.689562   4.539442     0.000000     0.600000    
7500     471.696674   4.513849     0.000000     0.600000    
7500     471.703122   4.490855     0.000000     0.600000    
7500     471.709948   4.462379     0.000000     0.600000    
7500     471.717115   4.440049     0.000000     0.600000    
7500     471.723670   4.416957     0.000000     0.600000    
7500     471.730455   4.393570     0.000000     0.600000    
7500     471.737643   4.373818     0.000000     0.600000    
7500     471.744931   4.347979     0.000000     0.600000    
7500     471.752421   4.323802     0.000000     0.600000    
7500     471.759159   4.300855     0.000000     0.600000    
7500     471.765772   4.276067     0.000000     0.600000    
7500     471.772682   4.256945     0.000000     0.600000    
7500     471.779018   4.230297     0.000000     0.600000    
7500     471.785942   4.207477     0.000000     0.600000    
7500     471.792720   4.187366     0.000000     0.600000    
7500     471.799302   4.170486     0.000000     0.600000    
7500     471.805556   4.150884     0.000000     0.600000    
7500     471.811973   4.132898     0.000000     0.600000    
7500     471.818572   4.112653     0.000000     0.600000    
7500     471.824761   4.094621     0.000000     0.600000    
7500     471.831545   4.075320     0.000000     0.600000    
7500     471.837905   4.055671     0.000000     0.600000    
7500     471.844266   4.034301     0.000000     0.600000    
7500     471.850886   4.016726     0.000000     0.600000    
7500     471.857081   3.993390     0.000000     0.600000    
7500     471.863105   3.976491     0.000000     0.600000    
7500     471.869381   3.958806     0.000000     0.600000    
7500     471.875315   3.940960     0.000000     0.600000    
7500     471.880973   3.920566     0.000000     0.600000    
7500     471.886647   3.905030     0.000000     0.600000    
7500     471.892338   3.884614     0.000000     0.600000    
7500     471.898078   3.863608     0.000000     0.600000    
7500     471.903737   3.848011     0.000000     0.600000    
7500     471.909331   3.830941     0.000000     0.600000    
7500     471.914946   3.808854     0.000000     0.600000    
7500     471.920613   3.790689     0.000000     0.600000    
7500     471.926201   3.771347     0.000000     0.600000    
7500     471.931748   3.758258     0.000000     0.600000    
7500     471.937266   3.743334     0.000000     0.600000    
7500     471.942782   3.728270     0.000000     0.600000    
7500     471.948308   3.711839     0.000000     0.600000    
7500     471.953869   3.696981     0.000000     0.600000    
7500     471.959566   3.683978     0.000000     0.600000    
7500     471.965355   3.666721     0.000000     0.600000    
7500     471.971273   3.650441     0.000000     0.600000    
7500     471.977219   3.634129     0.000000     0.600000    
7500     471.982938   3.622578     0.000000     0.600000    
7500     471.988783   3.610961     0.000000     0.600000    
7500     471.994347   3.599849     0.000000     0.600000    
7500     472.000236   3.587061     0.000000     0.600000    
7500     472.006203   3.571798     0.000000     0.600000    
7500     472.012137   3.560463     0.000000     0.600000    
7500     472.018113   3.548327     0.000000     0.600000    
7500     472.023940   3.537465     0.000000     0.600000    
7500     472.029915   3.522888     0.000000     0.600000    
7500     472.036045   3.510437     0.000000     0.600000    
7500     472.041815   3.500352     0.000000     0.600000    
7500     472.047444   3.488980     0.000000     0.600000    
7500     472.053379   3.475992     0.000000     0.600000    
7500     472.059005   3.464544     0.000000     0.600000    
7500     472.064898   3.452235     0.000000     0.600000    
7500     472.070956   3.436462     0.000000     0.600000    
7500     472.076908   3.424731     0.000000     0.600000    
7500     472.082831   3.414191     0.000000     0.600000    
7500     472.088718   3.405073     0.000000     0.600000    
7500     472.094582   3.392437     0.000000     0.600000    
7500     472.100274   3.382230     0.000000     0.600000    
7500     472.105802   3.370975     0.000000     0.600000    
7500     472.110949   3.360496     0.000000     0.600000    
7500     472.116231   3.349020     0.000000     0.600000    
7500     472.121379   3.339750     0.000000     0.600000    
7500     472.126466   3.330189     0.000000     0.600000    
7500     472.131619   3.322232     0.000000     0.600000    
7500     472.137180   3.315796     0.000000     0.600000    
7500     472.142342   3.308797     0.000000     0.600000    
7500     472.147471   3.300814     0.000000     0.600000    
7500     472.152810   3.291688     0.000000     0.600000    
7500     472.157904   3.284009     0.000000     0.600000    
7500     472.162936   3.276149     0.000000     0.600000    
7500     472.168194   3.267749     0.000000     0.600000    
7500     472.173248   3.260398     0.000000     0.600000    
7500     472.178285   3.252847     0.000000     0.600000    
7500     472.183405   3.245286     0.000000     0.600000    
7500     472.188531   3.238267     0.000000     0.600000    
7500     472.193583   3.231844     0.000000     0.600000    
7500     472.198619   3.226166     0.000000     0.600000    
7500     472.203820   3.219644     0.000000     0.600000    
7500     472.208911   3.213182     0.000000     0.600000    
7500     472.213952   3.207203     0.000000     0.600000    
7500     472.218971   3.203481     0.000000     0.600000    
7500     472.223993   3.198958     0.000000     0.600000    
7500     472.229030   3.194515     0.000000     0.600000    
7500     472.234265   3.189638     0.000000     0.600000    
7500     472.239306   3.183279     0.000000     0.600000    
7500     472.244339   3.173781     0.000000     0.600000    
7500     472.249419   3.167063     0.000000     0.600000    
7500     472.254577   3.160520     0.000000     0.600000    
7500     472.259620   3.154248     0.000000     0.600000    
7500     472.264685   3.148411     0.000000     0.600000    
7500     472.269868   3.142657     0.000000     0.600000    
7500     472.274886   3.135126     0.000000     0.600000    
7500     472.279909   3.126854     0.000000     0.600000    
7500     472.285089   3.120627     0.000000     0.600000    
7500     472.290184   3.115070     0.000000     0.600000    
7500     472.295228   3.108380     0.000000     0.600000    
7500     472.300315   3.102217     0.000000     0.600000    
7500     472.305421   3.096570     0.000000     0.600000    
7500     472.310352   3.089098     0.000000     0.600000    
7500     472.315268   3.084312     0.000000     0.600000    
7500     472.320201   3.076074     0.000000     0.600000    
7500     472.325224   3.068324     0.000000     0.600000    
7500     472.330175   3.061057     0.000000     0.600000    
7500     472.335341   3.054898     0.000000     0.600000    
7500     472.340367   3.049192     0.000000     0.600000    
7500     472.345377   3.042487     0.000000     0.600000    
7500     472.350470   3.034508     0.000000     0.600000    
7500     472.355487   3.026559     0.000000     0.600000    
7500     472.360550   3.019865     0.000000     0.600000    
7500     472.365569   3.012527     0.000000     0.600000    
7500     472.370598   3.005524     0.000000     0.600000    
7500     472.375578   2.996658     0.000000     0.600000    
7500     472.380521   2.990107     0.000000     0.600000    
7500     472.385563   2.983809     0.000000     0.600000    
7500     472.390534   2.977562     0.000000     0.600000    
7500     472.395593   2.971211     0.000000     0.600000    
7500     472.400695   2.963690     0.000000     0.600000    
7500     472.405697   2.957091     0.000000     0.600000    
7500     472.410706   2.951875     0.000000     0.600000    
7500     472.415801   2.944515     0.000000     0.600000    
7500     472.420780   2.937259     0.000000     0.600000    
7500     472.425726   2.930214     0.000000     0.600000    
7500     472.430652   2.922551     0.000000     0.600000    
7500     472.435615   2.916290     0.000000     0.600000    
7500     472.440537   2.910691     0.000000     0.600000    
7500     472.445448   2.903261     0.000000     0.600000    
7500     472.450352   2.896054     0.000000     0.600000    
7500     472.455256   2.891189     0.000000     0.600000    
7500     472.460309   2.882902     0.000000     0.600000    
7500     472.465271   2.876736     0.000000     0.600000    
7500     472.470317   2.870356     0.000000     0.600000    
7500     472.475223   2.863648     0.000000     0.600000    
7500     472.480151   2.856083     0.000000     0.600000    
7500     472.485129   2.849504     0.000000     0.600000    
7500     472.489983   2.843123     0.000000     0.600000    
7500     472.494905   2.835936     0.000000     0.600000    
7500     472.499909   2.830729     0.000000     0.600000    
7500     472.504898   2.823524     0.000000     0.600000    
7500     472.509821   2.817122     0.000000     0.600000    
7500     472.514809   2.809654     0.000000     0.600000    
7500     472.519671   2.804356     0.000000     0.600000    
7500     472.524535   2.796910     0.000000     0.600000    
7500     472.529468   2.789975     0.000000     0.600000    
7500     472.534378   2.784806     0.000000     0.600000    
7500     472.539228   2.778312     0.000000     0.600000    
7500     472.544054   2.771004     0.000000     0.600000    
7500     472.548965   2.766431     0.000000     0.600000    
7500     472.553896   2.759073     0.000000     0.600000    
7500     472.558803   2.753966     0.000000     0.600000    
7500     472.563725   2.747653     0.000000     0.600000    
7500     472.568682   2.741072     0.000000     0.600000    
7500     472.573613   2.734808     0.000000     0.600000    
7500     472.578573   2.727072     0.000000     0.600000    
7500     472.583501   2.719823     0.000000     0.600000    
7500     472.588517   2.713026     0.000000     0.600000    
7500     472.593411   2.705193     0.000000     0.600000    
7500     472.598313   2.699210     0.000000     0.600000    
7500     472.603173   2.691826     0.000000     0.600000    
7500     472.607993   2.684995     0.000000     0.600000    
7500     472.612772   2.679934     0.000000     0.600000    
7500     472.617690   2.673201     0.000000     0.600000    
7500     472.622535   2.668277     0.000000     0.600000    
7500     472.627380   2.662905     0.000000     0.600000    
7500     472.632261   2.659083     0.000000     0.600000    
7500     472.637160   2.652164     0.000000     0.600000    
7500     472.642018   2.645855     0.000000     0.600000    
7500     472.646869   2.639110     0.000000     0.600000    
7500     472.651676   2.632850     0.000000     0.600000    
7500     472.656542   2.627367     0.000000     0.600000    
7500     472.661374   2.619078     0.000000     0.600000    
7500     472.666204   2.613384     0.000000     0.600000    
7500     472.670978   2.609041     0.000000     0.600000    
7500     472.675763   2.604108     0.000000     0.600000    
7500     472.680569   2.596961     0.000000     0.600000    
7500     472.685357   2.589841     0.000000     0.600000    
7500     472.690191   2.574809     0.000000     0.600000    
7500     472.694994   2.561061     0.000000     0.600000    
7500     472.699790   2.549081     0.000000     0.600000    
7500     472.704690   2.536927     0.000000     0.600000    
7500     472.709565   2.522820     0.000000     0.600000    
7500     472.714370   2.513671     0.000000     0.600000    
7500     472.719233   2.502948     0.000000     0.600000    
7500     472.724051   2.493283     0.000000     0.600000    
7500     472.724151   2.493283     0.000000     0.600000    
7501     472.731610   2.493251     0.826460     0.600000    
7601     473.069682   2.471581     0.822760     0.600000    
7701     473.407876   2.449807     0.825990     0.600000    
7801     473.750563   2.430637     0.826660     0.600000    
7901     474.091075   2.408315     0.821530     0.600000    
8001     474.440924   2.386859     0.822280     0.600000    
8101     474.807380   2.366246     0.823780     0.600000    
8201     475.280272   2.341426     0.822300     0.600000    
8301     475.841467   2.322829     0.822420     0.600000    
8401     476.403847   2.300908     0.821420     0.600000    
8501     477.155202   2.280431     0.823350     0.600000    
8601     477.549324   2.261994     0.819530     0.600000    
8701     477.897620   2.237611     0.821630     0.600000    
8801     478.270212   2.214357     0.820670     0.600000    
8901     478.630319   2.191453     0.817330     0.600000    
9001     478.983695   2.167364     0.820880     0.600000    
9101     479.348183   2.146849     0.814220     0.600000    
9201     479.768886   2.122565     0.815160     0.600000    
9301     480.126187   2.099227     0.816310     0.600000    
9401     480.502708   2.077617     0.815710     0.600000    
9501     480.866906   2.052320     0.814190     0.600000    
9601     481.225261   2.032183     0.816260     0.600000    
9701     481.593181   2.011585     0.812760     0.600000    
9801     481.968738   1.991638     0.817110     0.600000    
9901     482.345711   1.969720     0.816260     0.600000    
10001    482.730796   1.948514     0.817100     0.600000    
10101    483.142063   1.929444     0.815950     0.600000    
10201    483.586249   1.908056     0.817980     0.600000    
10301    484.089889   1.890861     0.811650     0.600000    
10401    484.534036   1.868989     0.816920     0.600000    
10501    484.916740   1.848742     0.814760     0.600000    
10601    485.396264   1.827086     0.812190     0.600000    
10701    485.851418   1.802530     0.807720     0.600000    
10801    486.230928   1.779688     0.811360     0.600000    
10901    486.604707   1.757340     0.809200     0.600000    
11001    486.975851   1.736134     0.805320     0.600000    
11101    487.431672   1.716802     0.809410     0.600000    
11201    487.893582   1.699215     0.810430     0.600000    
11301    488.255009   1.674021     0.810290     0.600000    
11401    488.629337   1.651017     0.807530     0.600000    
11501    489.039991   1.629029     0.804810     0.600000    
11601    489.428196   1.606361     0.808310     0.600000    
11701    489.813848   1.586740     0.802700     0.600000    
11801    490.192353   1.564989     0.804920     0.600000    
11901    490.575057   1.545186     0.804970     0.600000    
12001    491.065022   1.522822     0.808760     0.600000    
12101    491.457837   1.500918     0.804780     0.600000    
12201    491.838797   1.479173     0.804950     0.600000    
12301    492.221639   1.456235     0.803760     0.600000    
12401    492.606408   1.433672     0.800110     0.600000    
12500    492.995773   1.410646     0.802290     0.600000    
12500    1007.054027  1.410646     0.000000     0.600000    
12500    1073.380286  1.410646     0.000000     0.600000    
12500    1073.396829  1.395946     0.000000     0.600000    
12500    1073.410662  1.377505     0.000000     0.600000    
12500    1073.423061  1.355788     0.000000     0.600000    
12500    1073.431943  1.334902     0.000000     0.600000    
12500    1073.482363  1.317009     0.000000     0.600000    
12500    1073.502047  1.296927     0.000000     0.600000    
12500    1073.513508  1.277966     0.000000     0.600000    
12500    1073.527457  1.260002     0.000000     0.600000    
12500    1073.537596  1.240535     0.000000     0.600000    
12500    1073.546644  1.219313     0.000000     0.600000    
12500    1073.555259  1.199222     0.000000     0.600000    
12500    1073.566171  1.182598     0.000000     0.600000    
12500    1073.574871  1.164182     0.000000     0.600000    
12500    1073.587723  1.148651     0.000000     0.600000    
12500    1073.596900  1.124399     0.000000     0.600000    
12500    1073.607130  1.105262     0.000000     0.600000    
12500    1073.616182  1.088389     0.000000     0.600000    
12500    1073.624579  1.072948     0.000000     0.600000    
12500    1073.632673  1.056623     0.000000     0.600000    
12500    1073.644179  1.039129     0.000000     0.600000    
12500    1073.652564  1.020247     0.000000     0.600000    
12500    1073.660967  1.000261     0.000000     0.600000    
12500    1073.669264  0.983530     0.000000     0.600000    
12500    1073.677865  0.965335     0.000000     0.600000    
12500    1073.686280  0.945995     0.000000     0.600000    
12500    1073.694784  0.926391     0.000000     0.600000    
12500    1073.703097  0.911569     0.000000     0.600000    
12500    1073.711614  0.893940     0.000000     0.600000    
12500    1073.720739  0.874149     0.000000     0.600000    
12500    1073.729235  0.857899     0.000000     0.600000    
12500    1073.738512  0.839221     0.000000     0.600000    
12500    1073.746829  0.823921     0.000000     0.600000    
12500    1073.755085  0.806301     0.000000     0.600000    
12500    1073.763465  0.790336     0.000000     0.600000    
12500    1073.772294  0.771832     0.000000     0.600000    
12500    1073.780576  0.753235     0.000000     0.600000    
12500    1073.788621  0.736593     0.000000     0.600000    
12500    1073.796880  0.723665     0.000000     0.600000    
12500    1073.804904  0.702079     0.000000     0.600000    
12500    1073.813084  0.685850     0.000000     0.600000    
12500    1073.821110  0.667932     0.000000     0.600000    
12500    1073.829227  0.648155     0.000000     0.600000    
12500    1073.837176  0.630159     0.000000     0.600000    
12500    1073.845412  0.616441     0.000000     0.600000    
12500    1073.852776  0.602031     0.000000     0.600000    
12500    1073.861560  0.586078     0.000000     0.600000    
12500    1073.869350  0.570811     0.000000     0.600000    
12500    1073.877053  0.557503     0.000000     0.600000    
12500    1073.885016  0.544853     0.000000     0.600000    
12500    1073.892860  0.528389     0.000000     0.600000    
12500    1073.900675  0.510036     0.000000     0.600000    
12500    1073.908524  0.496054     0.000000     0.600000    
12500    1073.916420  0.478930     0.000000     0.600000    
12500    1073.924357  0.464167     0.000000     0.600000    
12500    1073.932347  0.450018     0.000000     0.600000    
12500    1073.940565  0.436825     0.000000     0.600000    
12500    1073.948471  0.426160     0.000000     0.600000    
12500    1073.956538  0.414449     0.000000     0.600000    
12500    1073.964731  0.399577     0.000000     0.600000    
12500    1073.972676  0.387174     0.000000     0.600000    
12500    1073.979803  0.372615     0.000000     0.600000    
12500    1073.992215  0.354047     0.000000     0.600000    
12500    1074.003053  0.339882     0.000000     0.600000    
12500    1074.009502  0.321889     0.000000     0.600000    
12500    1074.015888  0.308090     0.000000     0.600000    
12500    1074.022333  0.288709     0.000000     0.600000    
12500    1074.028877  0.273415     0.000000     0.600000    
12500    1074.035091  0.262616     0.000000     0.600000    
12500    1074.041204  0.249366     0.000000     0.600000    
12500    1074.047295  0.237775     0.000000     0.600000    
12500    1074.053194  0.222570     0.000000     0.600000    
12500    1074.059268  0.211189     0.000000     0.600000    
12500    1074.065441  0.199715     0.000000     0.600000    
12500    1074.071317  0.186007     0.000000     0.600000    
12500    1074.077375  0.175277     0.000000     0.600000    
12500    1074.083258  0.164144     0.000000     0.600000    
12500    1074.089123  0.155521     0.000000     0.600000    
12500    1074.094978  0.143234     0.000000     0.600000    
12500    1074.100761  0.130213     0.000000     0.600000    
12500    1074.106567  0.116199     0.000000     0.600000    
12500    1074.112423  0.104896     0.000000     0.600000    
12500    1074.118220  0.095582     0.000000     0.600000    
12500    1074.123999  0.086400     0.000000     0.600000    
12500    1074.129918  0.074808     0.000000     0.600000    
12500    1074.135697  0.065586     0.000000     0.600000    
12500    1074.141466  0.053876     0.000000     0.600000    
12500    1074.147224  0.044785     0.000000     0.600000    
12500    1074.152966  0.033895     0.000000     0.600000    
12500    1074.158932  0.017930     0.000000     0.600000    
12500    1074.164743  0.005890     0.000000     0.600000    
12500    1074.172570  -0.006495    0.000000     0.600000    
12500    1074.178223  -0.019534    0.000000     0.600000    
12500    1074.183616  -0.031001    0.000000     0.600000    
12500    1074.193263  -0.039621    0.000000     0.600000    
12500    1074.198647  -0.051613    0.000000     0.600000    
12500    1074.203981  -0.061748    0.000000     0.600000    
12500    1074.209325  -0.074326    0.000000     0.600000    
12500    1074.214648  -0.084642    0.000000     0.600000    
12500    1074.220169  -0.098048    0.000000     0.600000    
12500    1074.225954  -0.107707    0.000000     0.600000    
12500    1074.231638  -0.115626    0.000000     0.600000    
12500    1074.237356  -0.124837    0.000000     0.600000    
12500    1074.242790  -0.137118    0.000000     0.600000    
12500    1074.248571  -0.147343    0.000000     0.600000    
12500    1074.254328  -0.157330    0.000000     0.600000    
12500    1074.260107  -0.167829    0.000000     0.600000    
12500    1074.265809  -0.177118    0.000000     0.600000    
12500    1074.271479  -0.186539    0.000000     0.600000    
12500    1074.277232  -0.195518    0.000000     0.600000    
12500    1074.282938  -0.204321    0.000000     0.600000    
12500    1074.288585  -0.213893    0.000000     0.600000    
12500    1074.294344  -0.222522    0.000000     0.600000    
12500    1074.300059  -0.232199    0.000000     0.600000    
12500    1074.305754  -0.241488    0.000000     0.600000    
12500    1074.311790  -0.251568    0.000000     0.600000    
12500    1074.317670  -0.261379    0.000000     0.600000    
12500    1074.323416  -0.272573    0.000000     0.600000    
12500    1074.329212  -0.282306    0.000000     0.600000    
12500    1074.334969  -0.291521    0.000000     0.600000    
12500    1074.340997  -0.302048    0.000000     0.600000    
12500    1074.346991  -0.309326    0.000000     0.600000    
12500    1074.352731  -0.318607    0.000000     0.600000    
12500    1074.359029  -0.328966    0.000000     0.600000    
12500    1074.369466  -0.337068    0.000000     0.600000    
12500    1074.375429  -0.342732    0.000000     0.600000    
12500    1074.381677  -0.353559    0.000000     0.600000    
12500    1074.387892  -0.362226    0.000000     0.600000    
12500    1074.394123  -0.372342    0.000000     0.600000    
12500    1074.400307  -0.379651    0.000000     0.600000    
12500    1074.406622  -0.389707    0.000000     0.600000    
12500    1074.412724  -0.397580    0.000000     0.600000    
12500    1074.419052  -0.409019    0.000000     0.600000    
12500    1074.425371  -0.417532    0.000000     0.600000    
12500    1074.431478  -0.425126    0.000000     0.600000    
12500    1074.437673  -0.432444    0.000000     0.600000    
12500    1074.444117  -0.439969    0.000000     0.600000    
12500    1074.450274  -0.449787    0.000000     0.600000    
12500    1074.456447  -0.457562    0.000000     0.600000    
12500    1074.469382  -0.464305    0.000000     0.600000    
12500    1074.475878  -0.472719    0.000000     0.600000    
12500    1074.482107  -0.480607    0.000000     0.600000    
12500    1074.488305  -0.487923    0.000000     0.600000    
12500    1074.494387  -0.494399    0.000000     0.600000    
12500    1074.500492  -0.501108    0.000000     0.600000    
12500    1074.506991  -0.507697    0.000000     0.600000    
12500    1074.513186  -0.515758    0.000000     0.600000    
12500    1074.519349  -0.524494    0.000000     0.600000    
12500    1074.525528  -0.532607    0.000000     0.600000    
12500    1074.531698  -0.542459    0.000000     0.600000    
12500    1074.537875  -0.550617    0.000000     0.600000    
12500    1074.543547  -0.558031    0.000000     0.600000    
12500    1074.549644  -0.566311    0.000000     0.600000    
12500    1074.555916  -0.574238    0.000000     0.600000    
12500    1074.562083  -0.582993    0.000000     0.600000    
12500    1074.568214  -0.591409    0.000000     0.600000    
12500    1074.574564  -0.598797    0.000000     0.600000    
12500    1074.580804  -0.606078    0.000000     0.600000    
12500    1074.587131  -0.613437    0.000000     0.600000    
12500    1074.593334  -0.620988    0.000000     0.600000    
12500    1074.599571  -0.628988    0.000000     0.600000    
12500    1074.605764  -0.635286    0.000000     0.600000    
12500    1074.612122  -0.642495    0.000000     0.600000    
12500    1074.618251  -0.649748    0.000000     0.600000    
12500    1074.624403  -0.656022    0.000000     0.600000    
12500    1074.630535  -0.662872    0.000000     0.600000    
12500    1074.636601  -0.670106    0.000000     0.600000    
12500    1074.642985  -0.675044    0.000000     0.600000    
12500    1074.649195  -0.682358    0.000000     0.600000    
12500    1074.655299  -0.687903    0.000000     0.600000    
12500    1074.662471  -0.694616    0.000000     0.600000    
12500    1074.668594  -0.703243    0.000000     0.600000    
12500    1074.691005  -0.710135    0.000000     0.600000    
12500    1074.696854  -0.717763    0.000000     0.600000    
12500    1074.702871  -0.722792    0.000000     0.600000    
12500    1074.709803  -0.728565    0.000000     0.600000    
12500    1074.720745  -0.734774    0.000000     0.600000    
12500    1074.726841  -0.741048    0.000000     0.600000    
12500    1074.732908  -0.748248    0.000000     0.600000    
12500    1074.738922  -0.755075    0.000000     0.600000    
12500    1074.745249  -0.761860    0.000000     0.600000    
12500    1074.751347  -0.768195    0.000000     0.600000    
12500    1074.757668  -0.775022    0.000000     0.600000    
12500    1074.764037  -0.780655    0.000000     0.600000    
12500    1074.769799  -0.785902    0.000000     0.600000    
12500    1074.775705  -0.793756    0.000000     0.600000    
12500    1074.781631  -0.802262    0.000000     0.600000    
12500    1074.787692  -0.809727    0.000000     0.600000    
12500    1074.793671  -0.816895    0.000000     0.600000    
12500    1074.799412  -0.825540    0.000000     0.600000    
12500    1074.805526  -0.831265    0.000000     0.600000    
12500    1074.811623  -0.836931    0.000000     0.600000    
12500    1074.817723  -0.842707    0.000000     0.600000    
12500    1074.823996  -0.848477    0.000000     0.600000    
12500    1074.830103  -0.854271    0.000000     0.600000    
12500    1074.836163  -0.859307    0.000000     0.600000    
12500    1074.842385  -0.864493    0.000000     0.600000    
12500    1074.848416  -0.871939    0.000000     0.600000    
12500    1074.854451  -0.880228    0.000000     0.600000    
12500    1074.860734  -0.886990    0.000000     0.600000    
12500    1074.867198  -0.895376    0.000000     0.600000    
12500    1074.867356  -0.895376    0.000000     0.600000    
12501    1074.878249  -0.895479    0.713730     0.600000    
12601    1075.670465  -0.905893    0.712550     0.600000    
12701    1076.508960  -0.915615    0.715430     0.600000    
12801    1077.500788  -0.926887    0.714490     0.600000    
12901    1078.606014  -0.937666    0.713870     0.600000    
13001    1079.500646  -0.951297    0.710050     0.600000    
13101    1080.876020  -0.964383    0.711660     0.600000    
13201    1081.611318  -0.975316    0.708200     0.600000    
13301    1082.482838  -0.986783    0.711080     0.600000    
13401    1083.502089  -0.998245    0.710850     0.600000    
13501    1084.292282  -1.006419    0.710330     0.600000    
13601    1084.902103  -1.018066    0.706770     0.600000    
13701    1085.537000  -1.028886    0.707800     0.600000    
13801    1086.175630  -1.040264    0.704800     0.600000    
13901    1087.031313  -1.050395    0.704530     0.600000    
14001    1087.644065  -1.060815    0.708100     0.600000    
14101    1088.283203  -1.072364    0.703760     0.600000    
14201    1089.145159  -1.082116    0.707240     0.600000    
14301    1089.805192  -1.094784    0.703410     0.600000    
14401    1090.532582  -1.103722    0.699990     0.600000    
14501    1091.194602  -1.115270    0.701030     0.600000    
14601    1092.047445  -1.125804    0.701100     0.600000    
14701    1092.555381  -1.135851    0.700200     0.600000    
14801    1092.985275  -1.146827    0.700800     0.600000    
14901    1093.442263  -1.156659    0.697750     0.600000    
15001    1093.920648  -1.168363    0.695380     0.600000    
15101    1094.431286  -1.179441    0.695210     0.600000    
15201    1094.879703  -1.189437    0.698650     0.600000    
15301    1095.331964  -1.198904    0.691460     0.600000    
15401    1095.812989  -1.209028    0.696450     0.600000    
15501    1096.292880  -1.221475    0.695200     0.600000    
15601    1096.739877  -1.230793    0.691760     0.600000    
15701    1097.181409  -1.239879    0.691180     0.600000    
15801    1097.678606  -1.251184    0.689740     0.600000    
15901    1098.151278  -1.260418    0.691010     0.600000    
16001    1098.617031  -1.270448    0.688390     0.600000    
16101    1099.084645  -1.280830    0.687220     0.600000    
16201    1099.650397  -1.291016    0.687560     0.600000    
16250    1099.896559  -1.296854    0.687350     0.600000    
16250    1827.309457  -1.296854    0.000000     0.600000    
16250    1857.021362  -1.296854    0.000000     0.600000    
16250    1857.047141  -1.306581    0.000000     0.600000    
16250    1857.052611  -1.316218    0.000000     0.600000    
16250    1857.058061  -1.324974    0.000000     0.600000    
16250    1857.064495  -1.333654    0.000000     0.600000    
16250    1857.070641  -1.343195    0.000000     0.600000    
16250    1857.076475  -1.352146    0.000000     0.600000    
16250    1857.082798  -1.361176    0.000000     0.600000    
16250    1857.089287  -1.371989    0.000000     0.600000    
16250    1857.095194  -1.381839    0.000000     0.600000    
16250    1857.101354  -1.390362    0.000000     0.600000    
16250    1857.107651  -1.398791    0.000000     0.600000    
16250    1857.113909  -1.408109    0.000000     0.600000    
16250    1857.120221  -1.418159    0.000000     0.600000    
16250    1857.126486  -1.426353    0.000000     0.600000    
16250    1857.133177  -1.432983    0.000000     0.600000    
16250    1857.139395  -1.441498    0.000000     0.600000    
16250    1857.146445  -1.449950    0.000000     0.600000    
16250    1857.154545  -1.458681    0.000000     0.600000    
16250    1857.160692  -1.466074    0.000000     0.600000    
16250    1857.166850  -1.474357    0.000000     0.600000    
16250    1857.173458  -1.481728    0.000000     0.600000    
16250    1857.179806  -1.490136    0.000000     0.600000    
16250    1857.186492  -1.499333    0.000000     0.600000    
16250    1857.192768  -1.507007    0.000000     0.600000    
16250    1857.199428  -1.516464    0.000000     0.600000    
16250    1857.206091  -1.523047    0.000000     0.600000    
16250    1857.212707  -1.531448    0.000000     0.600000    
16250    1857.219339  -1.539841    0.000000     0.600000    
16250    1857.225983  -1.548097    0.000000     0.600000    
16250    1857.233181  -1.556533    0.000000     0.600000    
16250    1857.240350  -1.563911    0.000000     0.600000    
16250    1857.247456  -1.570925    0.000000     0.600000    
16250    1857.254561  -1.582017    0.000000     0.600000    
16250    1857.261627  -1.588637    0.000000     0.600000    
16250    1857.268672  -1.595670    0.000000     0.600000    
16250    1857.275524  -1.602040    0.000000     0.600000    
16250    1857.282499  -1.608616    0.000000     0.600000    
16250    1857.288829  -1.615681    0.000000     0.600000    
16250    1857.295458  -1.622569    0.000000     0.600000    
16250    1857.302705  -1.629964    0.000000     0.600000    
16250    1857.309521  -1.637740    0.000000     0.600000    
16250    1857.316314  -1.644630    0.000000     0.600000    
16250    1857.323055  -1.651175    0.000000     0.600000    
16250    1857.329814  -1.657495    0.000000     0.600000    
16250    1857.336580  -1.664561    0.000000     0.600000    
16250    1857.343320  -1.672161    0.000000     0.600000    
16250    1857.350605  -1.680878    0.000000     0.600000    
16250    1857.357112  -1.689116    0.000000     0.600000    
16250    1857.363662  -1.695200    0.000000     0.600000    
16250    1857.370442  -1.702573    0.000000     0.600000    
16250    1857.376875  -1.710472    0.000000     0.600000    
16250    1857.383429  -1.715784    0.000000     0.600000    
16250    1857.389949  -1.724248    0.000000     0.600000    
16250    1857.396813  -1.733165    0.000000     0.600000    
16250    1857.403419  -1.739440    0.000000     0.600000    
16250    1857.410258  -1.745461    0.000000     0.600000    
16250    1857.417153  -1.751642    0.000000     0.600000    
16250    1857.423751  -1.758919    0.000000     0.600000    
16250    1857.430497  -1.765320    0.000000     0.600000    
16250    1857.436893  -1.771909    0.000000     0.600000    
16250    1857.443406  -1.778381    0.000000     0.600000    
16250    1857.450180  -1.783545    0.000000     0.600000    
16250    1857.457047  -1.789411    0.000000     0.600000    
16250    1857.463497  -1.796362    0.000000     0.600000    
16250    1857.470375  -1.801757    0.000000     0.600000    
16250    1857.476901  -1.808481    0.000000     0.600000    
16250    1857.482773  -1.814008    0.000000     0.600000    
16250    1857.488925  -1.819449    0.000000     0.600000    
16250    1857.494837  -1.826465    0.000000     0.600000    
16250    1857.500777  -1.831178    0.000000     0.600000    
16250    1857.507506  -1.835389    0.000000     0.600000    
16250    1857.513939  -1.841402    0.000000     0.600000    
16250    1857.519734  -1.846456    0.000000     0.600000    
16250    1857.525546  -1.851958    0.000000     0.600000    
16250    1857.531814  -1.856950    0.000000     0.600000    
16250    1857.537534  -1.862896    0.000000     0.600000    
16250    1857.543395  -1.869015    0.000000     0.600000    
16250    1857.549643  -1.875223    0.000000     0.600000    
16250    1857.555521  -1.882176    0.000000     0.600000    
16250    1857.562453  -1.886904    0.000000     0.600000    
16250    1857.568862  -1.892896    0.000000     0.600000    
16250    1857.575550  -1.898978    0.000000     0.600000    
16250    1857.581790  -1.903472    0.000000     0.600000    
16250    1857.587067  -1.908668    0.000000     0.600000    
16250    1857.592676  -1.912805    0.000000     0.600000    
16250    1857.598261  -1.919204    0.000000     0.600000    
16250    1857.603640  -1.923128    0.000000     0.600000    
16250    1857.609309  -1.928477    0.000000     0.600000    
16250    1857.614784  -1.934634    0.000000     0.600000    
16250    1857.620216  -1.940104    0.000000     0.600000    
16250    1857.625858  -1.944503    0.000000     0.600000    
16250    1857.631501  -1.949452    0.000000     0.600000    
16250    1857.636814  -1.955693    0.000000     0.600000    
16250    1857.641629  -1.960171    0.000000     0.600000    
16250    1857.646332  -1.964398    0.000000     0.600000    
16250    1857.651050  -1.968449    0.000000     0.600000    
16250    1857.655773  -1.972622    0.000000     0.600000    
16250    1857.660502  -1.977060    0.000000     0.600000    
16250    1857.665292  -1.982520    0.000000     0.600000    
16250    1857.670054  -1.987065    0.000000     0.600000    
16250    1857.674806  -1.992515    0.000000     0.600000    
16250    1857.679493  -1.997669    0.000000     0.600000    
16250    1857.684260  -2.002323    0.000000     0.600000    
16250    1857.689076  -2.006830    0.000000     0.600000    
16250    1857.693985  -2.011230    0.000000     0.600000    
16250    1857.698716  -2.015648    0.000000     0.600000    
16250    1857.703463  -2.019302    0.000000     0.600000    
16250    1857.708259  -2.023288    0.000000     0.600000    
16250    1857.713459  -2.027822    0.000000     0.600000    
16250    1857.718327  -2.031668    0.000000     0.600000    
16250    1857.723563  -2.036057    0.000000     0.600000    
16250    1857.728429  -2.039468    0.000000     0.600000    
16250    1857.733701  -2.043345    0.000000     0.600000    
16250    1857.738660  -2.047009    0.000000     0.600000    
16250    1857.743393  -2.051360    0.000000     0.600000    
16250    1857.748088  -2.054338    0.000000     0.600000    
16250    1857.752916  -2.059250    0.000000     0.600000    
16250    1857.757835  -2.062757    0.000000     0.600000    
16250    1857.762741  -2.067406    0.000000     0.600000    
16250    1857.767618  -2.070628    0.000000     0.600000    
16250    1857.772335  -2.074239    0.000000     0.600000    
16250    1857.777032  -2.078606    0.000000     0.600000    
16250    1857.781702  -2.082304    0.000000     0.600000    
16250    1857.786519  -2.086709    0.000000     0.600000    
16250    1857.791421  -2.091611    0.000000     0.600000    
16250    1857.797060  -2.095585    0.000000     0.600000    
16250    1857.801727  -2.099796    0.000000     0.600000    
16250    1857.806423  -2.104199    0.000000     0.600000    
16250    1857.811104  -2.107440    0.000000     0.600000    
16250    1857.815789  -2.111442    0.000000     0.600000    
16250    1857.820484  -2.115108    0.000000     0.600000    
16250    1857.825185  -2.118874    0.000000     0.600000    
16250    1857.829851  -2.123428    0.000000     0.600000    
16250    1857.834512  -2.128102    0.000000     0.600000    
16250    1857.839168  -2.133399    0.000000     0.600000    
16250    1857.843805  -2.136373    0.000000     0.600000    
16250    1857.848457  -2.139685    0.000000     0.600000    
16250    1857.853108  -2.142999    0.000000     0.600000    
16250    1857.857735  -2.147001    0.000000     0.600000    
16250    1857.862376  -2.150190    0.000000     0.600000    
16250    1857.866980  -2.153165    0.000000     0.600000    
16250    1857.871597  -2.156611    0.000000     0.600000    
16250    1857.876206  -2.160149    0.000000     0.600000    
16250    1857.880835  -2.162989    0.000000     0.600000    
16250    1857.885448  -2.165994    0.000000     0.600000    
16250    1857.890055  -2.169103    0.000000     0.600000    
16250    1857.894654  -2.172777    0.000000     0.600000    
16250    1857.899249  -2.175925    0.000000     0.600000    
16250    1857.903876  -2.178917    0.000000     0.600000    
16250    1857.908494  -2.182397    0.000000     0.600000    
16250    1857.913095  -2.185382    0.000000     0.600000    
16250    1857.917679  -2.189143    0.000000     0.600000    
16250    1857.922257  -2.192184    0.000000     0.600000    
16250    1857.926811  -2.194859    0.000000     0.600000    
16250    1857.931448  -2.197880    0.000000     0.600000    
16250    1857.936049  -2.201889    0.000000     0.600000    
16250    1857.940628  -2.206243    0.000000     0.600000    
16250    1857.945496  -2.210311    0.000000     0.600000    
16250    1857.950093  -2.213749    0.000000     0.600000    
16250    1857.954727  -2.217127    0.000000     0.600000    
16250    1857.959296  -2.220238    0.000000     0.600000    
16250    1857.963882  -2.224273    0.000000     0.600000    
16250    1857.968438  -2.227173    0.000000     0.600000    
16250    1857.972985  -2.229635    0.000000     0.600000    
16250    1857.977544  -2.232594    0.000000     0.600000    
16250    1857.982132  -2.235477    0.000000     0.600000    
16250    1857.986685  -2.238178    0.000000     0.600000    
16250    1857.991242  -2.240649    0.000000     0.600000    
16250    1857.995817  -2.243749    0.000000     0.600000    
16250    1858.000394  -2.247495    0.000000     0.600000    
16250    1858.004941  -2.250393    0.000000     0.600000    
16250    1858.009471  -2.253089    0.000000     0.600000    
16250    1858.014040  -2.256335    0.000000     0.600000    
16250    1858.018565  -2.259851    0.000000     0.600000    
16250    1858.023122  -2.263394    0.000000     0.600000    
16250    1858.027643  -2.266476    0.000000     0.600000    
16250    1858.032191  -2.269217    0.000000     0.600000    
16250    1858.036738  -2.272235    0.000000     0.600000    
16250    1858.041263  -2.275563    0.000000     0.600000    
16250    1858.045774  -2.277998    0.000000     0.600000    
16250    1858.050285  -2.280014    0.000000     0.600000    
16250    1858.054802  -2.282564    0.000000     0.600000    
16250    1858.059315  -2.285415    0.000000     0.600000    
16250    1858.063830  -2.287933    0.000000     0.600000    
16250    1858.068345  -2.290406    0.000000     0.600000    
16250    1858.072880  -2.294102    0.000000     0.600000    
16250    1858.077391  -2.296372    0.000000     0.600000    
16250    1858.081977  -2.298093    0.000000     0.600000    
16250    1858.086581  -2.301189    0.000000     0.600000    
16250    1858.091777  -2.303680    0.000000     0.600000    
16250    1858.096517  -2.306660    0.000000     0.600000    
16250    1858.101113  -2.309350    0.000000     0.600000    
16250    1858.105742  -2.311751    0.000000     0.600000    
16250    1858.110514  -2.314730    0.000000     0.600000    
16250    1858.115179  -2.316703    0.000000     0.600000    
16250    1858.120343  -2.319570    0.000000     0.600000    
16250    1858.125108  -2.321626    0.000000     0.600000    
16250    1858.129739  -2.323907    0.000000     0.600000    
16250    1858.135131  -2.326415    0.000000     0.600000    
16250    1858.140371  -2.328825    0.000000     0.600000    
16250    1858.140475  -2.328825    0.000000     0.600000    
16251    1858.156035  -2.328844    0.560430     0.600000    
16351    1858.630325  -2.335534    0.561710     0.600000    
16451    1859.130183  -2.340395    0.559920     0.600000    
16551    1859.723929  -2.345102    0.559190     0.600000    
16651    1860.378324  -2.350045    0.557430     0.600000    
16751    1861.044290  -2.354610    0.558110     0.600000    
16851    1861.986149  -2.359280    0.556060     0.600000    
16951    1862.567071  -2.363994    0.557780     0.600000    
17051    1863.218467  -2.368798    0.552170     0.600000    
17151    1863.800106  -2.373617    0.555040     0.600000    
17251    1864.313140  -2.378680    0.547930     0.600000    
17351    1864.855827  -2.384379    0.552100     0.600000    
17451    1865.395956  -2.389065    0.550660     0.600000    
17551    1865.884469  -2.393929    0.551990     0.600000    
17651    1866.431972  -2.398714    0.548410     0.600000    
17751    1866.946455  -2.402375    0.547230     0.600000    
17851    1867.464993  -2.406729    0.544640     0.600000    
17951    1867.980503  -2.412019    0.542900     0.600000    
18051    1868.531640  -2.416438    0.544700     0.600000    
18151    1869.061339  -2.421181    0.540840     0.600000    
18251    1869.594660  -2.426257    0.537350     0.600000    
18351    1870.126688  -2.431076    0.539940     0.600000    
18451    1870.722330  -2.435708    0.541180     0.600000    
18551    1871.213914  -2.439872    0.538640     0.600000    
18651    1871.778794  -2.445012    0.537780     0.600000    
18751    1872.430281  -2.449255    0.533620     0.600000    
18851    1873.030694  -2.453639    0.534560     0.600000    
18951    1873.587519  -2.457798    0.533510     0.600000    
19051    1874.210085  -2.462331    0.535550     0.600000    
19151    1874.929703  -2.466636    0.532730     0.600000    
19250    1875.474895  -2.471187    0.531920     0.600000    
19250    2982.022054  -2.471187    0.000000     0.600000    
19250    3026.237378  -2.471187    0.000000     0.600000    
19250    3026.248730  -2.475149    0.000000     0.600000    
19250    3026.254169  -2.479144    0.000000     0.600000    
19250    3026.260023  -2.482816    0.000000     0.600000    
19250    3026.265882  -2.487320    0.000000     0.600000    
19250    3026.271714  -2.491533    0.000000     0.600000    
19250    3026.277508  -2.495988    0.000000     0.600000    
19250    3026.283724  -2.499455    0.000000     0.600000    
19250    3026.291043  -2.503254    0.000000     0.600000    
19250    3026.297277  -2.506664    0.000000     0.600000    
19250    3026.303500  -2.510522    0.000000     0.600000    
19250    3026.310305  -2.514249    0.000000     0.600000    
19250    3026.319176  -2.519265    0.000000     0.600000    
19250    3026.328054  -2.521982    0.000000     0.600000    
19250    3026.335563  -2.525401    0.000000     0.600000    
19250    3026.344367  -2.528930    0.000000     0.600000    
19250    3026.354282  -2.532605    0.000000     0.600000    
19250    3026.365753  -2.536363    0.000000     0.600000    
19250    3026.374288  -2.539917    0.000000     0.600000    
19250    3026.389680  -2.543923    0.000000     0.600000    
19250    3026.401035  -2.548463    0.000000     0.600000    
19250    3026.410379  -2.551879    0.000000     0.600000    
19250    3026.419216  -2.555476    0.000000     0.600000    
19250    3026.429160  -2.560327    0.000000     0.600000    
19250    3026.437716  -2.563711    0.000000     0.600000    
19250    3026.448018  -2.567141    0.000000     0.600000    
19250    3026.457990  -2.570773    0.000000     0.600000    
19250    3026.467294  -2.574136    0.000000     0.600000    
19250    3026.476691  -2.577332    0.000000     0.600000    
19250    3026.485965  -2.580616    0.000000     0.600000    
19250    3026.495164  -2.584337    0.000000     0.600000    
19250    3026.504431  -2.587262    0.000000     0.600000    
19250    3026.513672  -2.590109    0.000000     0.600000    
19250    3026.522934  -2.593573    0.000000     0.600000    
19250    3026.532160  -2.596462    0.000000     0.600000    
19250    3026.541480  -2.599457    0.000000     0.600000    
19250    3026.550740  -2.602206    0.000000     0.600000    
19250    3026.560707  -2.604981    0.000000     0.600000    
19250    3026.569736  -2.607938    0.000000     0.600000    
19250    3026.578804  -2.610947    0.000000     0.600000    
19250    3026.587782  -2.614104    0.000000     0.600000    
19250    3026.596833  -2.617642    0.000000     0.600000    
19250    3026.605872  -2.620497    0.000000     0.600000    
19250    3026.615145  -2.623771    0.000000     0.600000    
19250    3026.624213  -2.626865    0.000000     0.600000    
19250    3026.633407  -2.630344    0.000000     0.600000    
19250    3026.642384  -2.633432    0.000000     0.600000    
19250    3026.653661  -2.636797    0.000000     0.600000    
19250    3026.671331  -2.639306    0.000000     0.600000    
19250    3026.691130  -2.642238    0.000000     0.600000    
19250    3026.700505  -2.645567    0.000000     0.600000    
19250    3026.709702  -2.648578    0.000000     0.600000    
19250    3026.718632  -2.652312    0.000000     0.600000    
19250    3026.727530  -2.655358    0.000000     0.600000    
19250    3026.736572  -2.658031    0.000000     0.600000    
19250    3026.745590  -2.661726    0.000000     0.600000    
19250    3026.774705  -2.664811    0.000000     0.600000    
19250    3026.783663  -2.667612    0.000000     0.600000    
19250    3026.792523  -2.670670    0.000000     0.600000    
19250    3026.802849  -2.673285    0.000000     0.600000    
19250    3026.811719  -2.675654    0.000000     0.600000    
19250    3026.821731  -2.678430    0.000000     0.600000    
19250    3026.831954  -2.680961    0.000000     0.600000    
19250    3026.841549  -2.683744    0.000000     0.600000    
19250    3026.850442  -2.686620    0.000000     0.600000    
19250    3026.859275  -2.689411    0.000000     0.600000    
19250    3026.868061  -2.691702    0.000000     0.600000    
19250    3026.876855  -2.693759    0.000000     0.600000    
19250    3026.885677  -2.697110    0.000000     0.600000    
19250    3026.894468  -2.699656    0.000000     0.600000    
19250    3026.903196  -2.702031    0.000000     0.600000    
19250    3026.911947  -2.704341    0.000000     0.600000    
19250    3026.920602  -2.706720    0.000000     0.600000    
19250    3026.929618  -2.709917    0.000000     0.600000    
19250    3026.938523  -2.712334    0.000000     0.600000    
19250    3026.947383  -2.714633    0.000000     0.600000    
19250    3026.956051  -2.717185    0.000000     0.600000    
19250    3026.964837  -2.719117    0.000000     0.600000    
19250    3026.975965  -2.721440    0.000000     0.600000    
19250    3026.984967  -2.724018    0.000000     0.600000    
19250    3026.993862  -2.726751    0.000000     0.600000    
19250    3027.002705  -2.729098    0.000000     0.600000    
19250    3027.011513  -2.731098    0.000000     0.600000    
19250    3027.020375  -2.733232    0.000000     0.600000    
19250    3027.029272  -2.735754    0.000000     0.600000    
19250    3027.038107  -2.737753    0.000000     0.600000    
19250    3027.046961  -2.740205    0.000000     0.600000    
19250    3027.055826  -2.743016    0.000000     0.600000    
19250    3027.064791  -2.745074    0.000000     0.600000    
19250    3027.073659  -2.747292    0.000000     0.600000    
19250    3027.082443  -2.749027    0.000000     0.600000    
19250    3027.091733  -2.751089    0.000000     0.600000    
19250    3027.099621  -2.753086    0.000000     0.600000    
19250    3027.107387  -2.755189    0.000000     0.600000    
19250    3027.115115  -2.757482    0.000000     0.600000    
19250    3027.122813  -2.759876    0.000000     0.600000    
19250    3027.130631  -2.762203    0.000000     0.600000    
19250    3027.138296  -2.764015    0.000000     0.600000    
19250    3027.146005  -2.766324    0.000000     0.600000    
19250    3027.153692  -2.768457    0.000000     0.600000    
19250    3027.161371  -2.770953    0.000000     0.600000    
19250    3027.168564  -2.773000    0.000000     0.600000    
19250    3027.175447  -2.775045    0.000000     0.600000    
19250    3027.182235  -2.776637    0.000000     0.600000    
19250    3027.190354  -2.778738    0.000000     0.600000    
19250    3027.197153  -2.780921    0.000000     0.600000    
19250    3027.203894  -2.783343    0.000000     0.600000    
19250    3027.210718  -2.785479    0.000000     0.600000    
19250    3027.217469  -2.787406    0.000000     0.600000    
19250    3027.224237  -2.789744    0.000000     0.600000    
19250    3027.231082  -2.791813    0.000000     0.600000    
19250    3027.238059  -2.794465    0.000000     0.600000    
19250    3027.244827  -2.796163    0.000000     0.600000    
19250    3027.251762  -2.798168    0.000000     0.600000    
19250    3027.258544  -2.800381    0.000000     0.600000    
19250    3027.267238  -2.801897    0.000000     0.600000    
19250    3027.276481  -2.803969    0.000000     0.600000    
19250    3027.287368  -2.806227    0.000000     0.600000    
19250    3027.294125  -2.808039    0.000000     0.600000    
19250    3027.300851  -2.809705    0.000000     0.600000    
19250    3027.307550  -2.811882    0.000000     0.600000    
19250    3027.314183  -2.813565    0.000000     0.600000    
19250    3027.320541  -2.815549    0.000000     0.600000    
19250    3027.326644  -2.817178    0.000000     0.600000    
19250    3027.332943  -2.818748    0.000000     0.600000    
19250    3027.339190  -2.820436    0.000000     0.600000    
19250    3027.348735  -2.822524    0.000000     0.600000    
19250    3027.356269  -2.824436    0.000000     0.600000    
19250    3027.366814  -2.826210    0.000000     0.600000    
19250    3027.379621  -2.827518    0.000000     0.600000    
19250    3027.395426  -2.829240    0.000000     0.600000    
19250    3027.401045  -2.831383    0.000000     0.600000    
19250    3027.406632  -2.833106    0.000000     0.600000    
19250    3027.412202  -2.834811    0.000000     0.600000    
19250    3027.417775  -2.836520    0.000000     0.600000    
19250    3027.423316  -2.838027    0.000000     0.600000    
19250    3027.428862  -2.839485    0.000000     0.600000    
19250    3027.434437  -2.840583    0.000000     0.600000    
19250    3027.440016  -2.842008    0.000000     0.600000    
19250    3027.445552  -2.843569    0.000000     0.600000    
19250    3027.451114  -2.845143    0.000000     0.600000    
19250    3027.456664  -2.846464    0.000000     0.600000    
19250    3027.462193  -2.847670    0.000000     0.600000    
19250    3027.467824  -2.849550    0.000000     0.600000    
19250    3027.473365  -2.851326    0.000000     0.600000    
19250    3027.483629  -2.852538    0.000000     0.600000    
19250    3027.489193  -2.854222    0.000000     0.600000    
19250    3027.494758  -2.855758    0.000000     0.600000    
19250    3027.500339  -2.857273    0.000000     0.600000    
19250    3027.505826  -2.858654    0.000000     0.600000    
19250    3027.518018  -2.860264    0.000000     0.600000    
19250    3027.523480  -2.861590    0.000000     0.600000    
19250    3027.528653  -2.863001    0.000000     0.600000    
19250    3027.533825  -2.864473    0.000000     0.600000    
19250    3027.539041  -2.866169    0.000000     0.600000    
19250    3027.544270  -2.867934    0.000000     0.600000    
19250    3027.549489  -2.869421    0.000000     0.600000    
19250    3027.554673  -2.870874    0.000000     0.600000    
19250    3027.559825  -2.872256    0.000000     0.600000    
19250    3027.565021  -2.873736    0.000000     0.600000    
19250    3027.570206  -2.875437    0.000000     0.600000    
19250    3027.575388  -2.876829    0.000000     0.600000    
19250    3027.580553  -2.878345    0.000000     0.600000    
19250    3027.585724  -2.879564    0.000000     0.600000    
19250    3027.590917  -2.881378    0.000000     0.600000    
19250    3027.596128  -2.883005    0.000000     0.600000    
19250    3027.601338  -2.884568    0.000000     0.600000    
19250    3027.606546  -2.886058    0.000000     0.600000    
19250    3027.611673  -2.887425    0.000000     0.600000    
19250    3027.619728  -2.888767    0.000000     0.600000    
19250    3027.624880  -2.889930    0.000000     0.600000    
19250    3027.630030  -2.891020    0.000000     0.600000    
19250    3027.635184  -2.892364    0.000000     0.600000    
19250    3027.640379  -2.893904    0.000000     0.600000    
19250    3027.645530  -2.895035    0.000000     0.600000    
19250    3027.650665  -2.896389    0.000000     0.600000    
19250    3027.655521  -2.897685    0.000000     0.600000    
19250    3027.660224  -2.898754    0.000000     0.600000    
19250    3027.664968  -2.900347    0.000000     0.600000    
19250    3027.669704  -2.901454    0.000000     0.600000    
19250    3027.674443  -2.902697    0.000000     0.600000    
19250    3027.679168  -2.903822    0.000000     0.600000    
19250    3027.683890  -2.904840    0.000000     0.600000    
19250    3027.688664  -2.906168    0.000000     0.600000    
19250    3027.693391  -2.907523    0.000000     0.600000    
19250    3027.698196  -2.909098    0.000000     0.600000    
19250    3027.703086  -2.910403    0.000000     0.600000    
19250    3027.707896  -2.911917    0.000000     0.600000    
19250    3027.712721  -2.913336    0.000000     0.600000    
19250    3027.717489  -2.914333    0.000000     0.600000    
19250    3027.745924  -2.915386    0.000000     0.600000    
19250    3027.750932  -2.916656    0.000000     0.600000    
19250    3027.756112  -2.917849    0.000000     0.600000    
19250    3027.761177  -2.918612    0.000000     0.600000    
19250    3027.765980  -2.919661    0.000000     0.600000    
19250    3027.770764  -2.920672    0.000000     0.600000    
19250    3027.775846  -2.922112    0.000000     0.600000    
19250    3027.781025  -2.923344    0.000000     0.600000    
19250    3027.786214  -2.924503    0.000000     0.600000    
19250    3027.791423  -2.925596    0.000000     0.600000    
19250    3027.796607  -2.926896    0.000000     0.600000    
19250    3027.796721  -2.926896    0.000000     0.600000    
