# Data Analysis 
# Generated on: 2025-06-18 16:05:22
# Columns: Step, NS=0/MS=1, Time_Elapsed_s, Total_energy_calls, U_max
#
1        0        0.014524     100000.000000 63.932587   
301      0        1.179806     30100000.000000 62.306068   
601      0        2.040792     60100000.000000 60.913498   
901      0        3.020374     90100000.000000 59.593105   
1201     0        3.936728     120100000.000000 58.347382   
1501     0        4.863551     150100000.000000 57.170918   
1801     0        5.891841     180100000.000000 56.006138   
2101     0        6.883004     210100000.000000 54.822906   
2401     0        7.783873     240100000.000000 53.697453   
2701     0        8.688211     270100000.000000 52.634087   
3001     0        9.631799     300100000.000000 51.389488   
3301     0        10.564421    330100000.000000 50.256233   
3601     0        11.682897    360100000.000000 49.211777   
3901     0        12.632704    390100000.000000 48.206738   
4201     0        13.736000    420100000.000000 47.197506   
4501     0        14.745251    450100000.000000 46.159523   
4801     0        15.696695    480100000.000000 45.097885   
5101     0        16.946020    510100000.000000 44.080849   
5401     0        17.927894    540100000.000000 43.111893   
5701     0        18.917433    570100000.000000 42.232506   
6001     0        19.889015    600100000.000000 41.315155   
6301     0        20.866494    630100000.000000 40.414604   
6601     0        21.905066    660100000.000000 39.564201   
6901     0        22.909148    690100000.000000 38.686165   
7201     0        24.808608    720100000.000000 37.819023   
7501     0        25.940060    750100000.000000 36.944427   
7801     0        28.674205    780100000.000000 36.126129   
8101     0        30.919097    810100000.000000 35.318172   
8401     0        32.914492    840100000.000000 34.597980   
8701     0        34.659085    870100000.000000 33.822117   
9001     0        36.446000    900100000.000000 33.101650   
9301     0        38.446570    930100000.000000 32.400208   
9601     0        39.957334    960100000.000000 31.639126   
9901     0        41.881933    990100000.000000 30.953690   
10201    0        43.560298    1020100000.000000 30.267727   
10501    0        45.290804    1050100000.000000 29.664722   
10801    0        47.256856    1080100000.000000 28.986620   
11101    0        48.628829    1110100000.000000 28.346912   
11401    0        49.708962    1140100000.000000 27.733719   
11701    0        51.029395    1170100000.000000 27.168320   
12001    0        52.350623    1200100000.000000 26.524132   
12301    0        53.526978    1230100000.000000 25.901247   
12601    0        54.626244    1260100000.000000 25.364868   
12901    0        55.880250    1290100000.000000 24.846022   
13201    0        57.000556    1320100000.000000 24.285971   
13501    0        58.327750    1350100000.000000 23.796593   
13801    0        59.477720    1380100000.000000 23.238991   
14101    0        60.733178    1410100000.000000 22.730965   
14401    0        62.276892    1440100000.000000 22.285219   
14701    0        63.504873    1470100000.000000 21.801449   
15000    0        64.614219    1500000000.000000 21.324566   
15001    0        64.621182    1500100000.000000 21.323654   
15301    0        65.752544    1530100000.000000 20.909706   
15601    0        66.942619    1560100000.000000 20.451624   
15901    0        68.296045    1590100000.000000 20.039766   
16201    0        69.525299    1620100000.000000 19.606436   
16501    0        70.836681    1650100000.000000 19.201687   
16801    0        72.070674    1680100000.000000 18.771593   
17101    0        73.440756    1710100000.000000 18.378967   
17401    0        74.647969    1740100000.000000 17.967850   
17701    0        76.125552    1770100000.000000 17.619579   
18001    0        77.361579    1800100000.000000 17.246849   
18301    0        78.925600    1830100000.000000 16.858046   
18601    0        80.080169    1860100000.000000 16.462543   
18901    0        81.338715    1890100000.000000 16.096647   
19201    0        82.479871    1920100000.000000 15.707632   
19501    0        83.763208    1950100000.000000 15.396992   
19801    0        84.945911    1980100000.000000 15.053985   
20000    0        85.730791    2000000000.000000 14.818527   
20101    0        86.105932    2010100000.000000 14.700617   
20401    0        87.219413    2040100000.000000 14.405218   
20701    0        89.221989    2070100000.000000 14.077871   
21001    0        90.622762    2100100000.000000 13.767537   
21301    0        91.764339    2130100000.000000 13.462878   
21601    0        93.088351    2160100000.000000 13.169367   
21901    0        94.349468    2190100000.000000 12.875912   
22201    0        95.795409    2220100000.000000 12.603857   
22501    0        97.403320    2250100000.000000 12.341489   
22801    0        99.394803    2280100000.000000 12.048399   
23101    0        101.200506   2310100000.000000 11.810658   
23401    0        102.744926   2340100000.000000 11.542356   
23701    0        104.905686   2370100000.000000 11.319163   
24001    0        106.947244   2400100000.000000 11.080391   
24301    0        108.522630   2430100000.000000 10.843288   
24601    0        109.895795   2460100000.000000 10.610537   
24901    0        111.266218   2490100000.000000 10.414278   
25201    0        112.419255   2520100000.000000 10.198441   
25501    0        113.707861   2550100000.000000 9.968838    
25801    0        115.040155   2580100000.000000 9.758922    
26000    0        115.954468   2600000000.000000 9.610846    
26101    0        116.386354   2610100000.000000 9.549034    
26401    0        117.974796   2640100000.000000 9.346288    
26701    0        119.788598   2670100000.000000 9.140581    
27001    0        121.182011   2700100000.000000 8.946766    
27301    0        122.371145   2730100000.000000 8.763389    
27601    0        123.509525   2760100000.000000 8.569506    
27901    0        124.671990   2790100000.000000 8.408727    
28201    0        125.865684   2820100000.000000 8.220385    
28501    0        127.015285   2850100000.000000 8.057694    
28801    0        128.138953   2880100000.000000 7.888757    
29101    0        129.504286   2910100000.000000 7.738244    
29401    0        130.633443   2940100000.000000 7.571259    
29701    0        131.796981   2970100000.000000 7.426917    
30001    0        133.119215   3000100000.000000 7.256279    
30301    0        134.529787   3030100000.000000 7.120521    
30601    0        135.758454   3060100000.000000 6.973616    
30901    0        137.436975   3090100000.000000 6.845201    
31201    0        138.970314   3120100000.000000 6.719746    
31501    0        140.508559   3150100000.000000 6.591392    
31801    0        141.770825   3180100000.000000 6.454580    
32101    0        143.043887   3210100000.000000 6.319458    
32401    0        144.358560   3240100000.000000 6.193312    
32701    0        145.559821   3270100000.000000 6.084686    
33000    0        146.835467   3300000000.000000 5.957561    
33001    0        146.839523   3300100000.000000 5.956981    
33301    0        148.196087   3330100000.000000 5.836285    
33601    0        149.666141   3360100000.000000 5.727614    
33901    0        151.177040   3390100000.000000 5.626238    
34201    0        152.667828   3420100000.000000 5.514777    
34501    0        155.128192   3450100000.000000 5.413639    
34801    0        156.858923   3480100000.000000 5.323389    
35101    0        158.311099   3510100000.000000 5.217200    
35401    0        159.849853   3540100000.000000 5.113662    
35701    0        161.286907   3570100000.000000 5.020520    
36001    0        163.117662   3600100000.000000 4.929860    
36301    0        164.886126   3630100000.000000 4.842376    
36601    0        166.930295   3660100000.000000 4.769374    
36901    0        168.456254   3690100000.000000 4.683874    
37201    0        170.147278   3720100000.000000 4.602709    
37501    0        172.330928   3750100000.000000 4.523582    
37801    0        173.811654   3780100000.000000 4.447585    
38101    0        175.224513   3810100000.000000 4.375287    
38401    0        176.668028   3840100000.000000 4.298151    
38701    0        178.230182   3870100000.000000 4.222688    
39001    0        179.671019   3900100000.000000 4.151710    
39301    0        181.323809   3930100000.000000 4.080246    
39601    0        182.792672   3960100000.000000 4.016551    
39901    0        185.522891   3990100000.000000 3.953806    
40201    0        187.486819   4020100000.000000 3.891503    
40501    0        189.230440   4050100000.000000 3.830786    
40801    0        190.614995   4080100000.000000 3.769319    
41101    0        192.207068   4110100000.000000 3.712989    
41401    0        193.515229   4140100000.000000 3.656315    
41701    0        194.844224   4170100000.000000 3.601504    
42001    0        196.172015   4200100000.000000 3.551908    
42301    0        197.537059   4230100000.000000 3.509353    
42601    0        198.713927   4260100000.000000 3.466172    
42901    0        200.011230   4290100000.000000 3.421134    
43201    0        201.183799   4320100000.000000 3.382963    
43501    0        202.641209   4350100000.000000 3.342011    
43801    0        203.851805   4380100000.000000 3.303596    
44101    0        205.534985   4410100000.000000 3.267149    
44401    0        206.838829   4440100000.000000 3.234240    
44701    0        208.235784   4470100000.000000 3.205951    
45001    0        209.590831   4500100000.000000 3.180210    
45301    0        211.394176   4530100000.000000 3.150485    
45601    0        213.899398   4560100000.000000 3.121293    
45901    0        215.766184   4590100000.000000 3.090493    
46201    0        218.520253   4620100000.000000 3.057173    
46501    0        220.495795   4650100000.000000 3.023345    
46801    0        223.270589   4680100000.000000 2.987737    
47101    0        225.535616   4710100000.000000 2.951675    
47401    0        227.757473   4740100000.000000 2.918001    
47701    0        229.704468   4770100000.000000 2.883164    
48001    0        231.136836   4800100000.000000 2.849401    
48301    0        232.646580   4830100000.000000 2.816640    
48601    0        234.283188   4860100000.000000 2.784869    
48901    0        235.670696   4890100000.000000 2.749277    
49201    0        237.168625   4920100000.000000 2.715811    
49501    0        238.602703   4950100000.000000 2.681605    
49801    0        239.912396   4980100000.000000 2.646988    
50101    0        241.551242   5010100000.000000 2.612600    
50401    0        243.027997   5040100000.000000 2.558390    
50701    0        244.650842   5070100000.000000 2.486934    
51000    0        246.756308   5100000000.000000 2.417535    
51001    0        246.763316   5100100000.000000 2.417327    
51301    0        248.112988   5130100000.000000 2.349218    
51601    0        249.520543   5160100000.000000 2.285804    
51901    0        250.908122   5190100000.000000 2.215496    
52201    0        252.311809   5220100000.000000 2.150413    
52501    0        253.985701   5250100000.000000 2.082959    
52801    0        255.548263   5280100000.000000 2.022295    
53101    0        256.967325   5310100000.000000 1.957465    
53401    0        258.414952   5340100000.000000 1.898160    
53701    0        259.852358   5370100000.000000 1.834369    
54001    0        261.228617   5400100000.000000 1.765950    
54301    0        262.825412   5430100000.000000 1.702790    
54601    0        264.490630   5460100000.000000 1.640769    
54901    0        265.983907   5490100000.000000 1.577918    
55201    0        267.477500   5520100000.000000 1.516591    
55501    0        268.910828   5550100000.000000 1.452537    
55801    0        270.672478   5580100000.000000 1.391428    
56101    0        272.191653   5610100000.000000 1.335531    
56401    0        273.704705   5640100000.000000 1.274540    
56701    0        275.352458   5670100000.000000 1.222844    
57001    0        276.923980   5700100000.000000 1.161862    
57301    0        278.354974   5730100000.000000 1.104048    
57601    0        279.741397   5760100000.000000 1.046077    
57901    0        281.091696   5790100000.000000 0.990472    
58201    0        282.462604   5820100000.000000 0.934494    
58501    0        284.054531   5850100000.000000 0.879710    
58801    0        285.822595   5880100000.000000 0.823785    
59101    0        287.284453   5910100000.000000 0.762811    
59401    0        288.676361   5940100000.000000 0.703641    
59701    0        290.347624   5970100000.000000 0.651336    
60000    0        292.222245   6000000000.000000 0.597074    
60001    0        292.227449   6000100000.000000 0.596848    
60301    0        293.900070   6030100000.000000 0.541926    
60601    0        295.974087   6060100000.000000 0.484938    
60901    0        297.854016   6090100000.000000 0.434256    
61201    0        299.487194   6120100000.000000 0.382716    
61501    0        301.618178   6150100000.000000 0.333661    
61801    0        303.230441   6180100000.000000 0.285086    
62101    0        305.048511   6210100000.000000 0.238542    
62401    0        306.735221   6240100000.000000 0.190218    
62701    0        308.543694   6270100000.000000 0.140751    
63001    0        310.076850   6300100000.000000 0.093789    
63301    0        311.641017   6330100000.000000 0.043310    
63601    0        313.246549   6360100000.000000 -0.002585   
63901    0        314.974092   6390100000.000000 -0.051283   
64201    0        317.004078   6420100000.000000 -0.098991   
64501    0        318.706406   6450100000.000000 -0.143696   
64801    0        320.314318   6480100000.000000 -0.190484   
65101    0        322.891459   6510100000.000000 -0.236522   
65401    0        324.553869   6540100000.000000 -0.280148   
65701    0        326.771704   6570100000.000000 -0.322037   
66001    0        328.606161   6600100000.000000 -0.361883   
66301    0        330.201470   6630100000.000000 -0.403091   
66601    0        332.012241   6660100000.000000 -0.445179   
66901    0        334.319170   6690100000.000000 -0.487884   
67201    0        336.174044   6720100000.000000 -0.525719   
67501    0        338.745920   6750100000.000000 -0.567461   
67801    0        340.810174   6780100000.000000 -0.604795   
68101    0        342.962806   6810100000.000000 -0.646658   
68401    0        344.823613   6840100000.000000 -0.683266   
68701    0        346.959829   6870100000.000000 -0.722413   
69001    0        349.091961   6900100000.000000 -0.758023   
69301    0        351.056618   6930100000.000000 -0.791594   
69601    0        353.244065   6960100000.000000 -0.823050   
69901    0        354.996850   6990100000.000000 -0.855943   
70000    0        355.543453   7000000000.000000 -0.868755   
70201    0        356.753870   7020100000.000000 -0.894459   
70501    0        358.801188   7050100000.000000 -0.930924   
70801    0        360.614362   7080100000.000000 -0.965086   
71101    0        362.485522   7110100000.000000 -0.999278   
71401    0        364.414950   7140100000.000000 -1.033762   
71701    0        366.243252   7170100000.000000 -1.065277   
72001    0        368.207566   7200100000.000000 -1.100866   
72301    0        369.931722   7230100000.000000 -1.132301   
72601    0        371.631740   7260100000.000000 -1.165831   
72901    0        373.294702   7290100000.000000 -1.196286   
73201    0        375.016494   7320100000.000000 -1.226613   
73501    0        376.828306   7350100000.000000 -1.255399   
73801    0        378.730636   7380100000.000000 -1.283379   
74101    0        380.419946   7410100000.000000 -1.316308   
74401    0        382.247632   7440100000.000000 -1.343758   
74701    0        384.225900   7470100000.000000 -1.375896   
75001    0        386.319196   7500100000.000000 -1.402972   
75301    0        388.857910   7530100000.000000 -1.429110   
75601    0        392.954085   7560100000.000000 -1.455972   
75901    0        397.429459   7590100000.000000 -1.485461   
76201    0        401.902819   7620100000.000000 -1.511342   
76501    0        409.297678   7650100000.000000 -1.537902   
76801    0        412.358789   7680100000.000000 -1.562599   
77101    0        415.622283   7710100000.000000 -1.587676   
77401    0        418.906734   7740100000.000000 -1.610718   
77701    0        423.088829   7770100000.000000 -1.635678   
78001    0        425.485293   7800100000.000000 -1.659958   
78301    0        427.918825   7830100000.000000 -1.684636   
78601    0        430.097693   7860100000.000000 -1.707490   
78901    0        432.897143   7890100000.000000 -1.731059   
79201    0        435.175192   7920100000.000000 -1.754003   
79501    0        437.860407   7950100000.000000 -1.776633   
79801    0        440.222195   7980100000.000000 -1.799248   
80101    0        443.249664   8010100000.000000 -1.822186   
80401    0        446.983661   8040100000.000000 -1.843573   
80701    0        450.101775   8070100000.000000 -1.864688   
81000    0        452.918971   8100000000.000000 -1.885853   
81001    0        452.928791   8100100000.000000 -1.885954   
81301    0        455.557058   8130100000.000000 -1.906362   
81601    0        458.028061   8160100000.000000 -1.927356   
81901    0        460.460961   8190100000.000000 -1.948451   
82201    0        462.727804   8220100000.000000 -1.965252   
82501    0        465.186162   8250100000.000000 -1.987048   
82801    0        467.290545   8280100000.000000 -2.008434   
83101    0        469.454609   8310100000.000000 -2.026840   
83401    0        471.712430   8340100000.000000 -2.046639   
83701    0        474.069008   8370100000.000000 -2.067604   
84001    0        476.648357   8400100000.000000 -2.085803   
84301    0        478.902660   8430100000.000000 -2.103301   
84601    0        481.019134   8460100000.000000 -2.120286   
84901    0        483.239077   8490100000.000000 -2.139331   
85201    0        485.321975   8520100000.000000 -2.157909   
85501    0        487.669616   8550100000.000000 -2.175277   
85801    0        489.810750   8580100000.000000 -2.192304   
86101    0        492.159749   8610100000.000000 -2.208573   
86401    0        494.282486   8640100000.000000 -2.225217   
86701    0        496.542233   8670100000.000000 -2.242739   
87001    0        499.671328   8700100000.000000 -2.259476   
87301    0        503.341952   8730100000.000000 -2.274920   
87601    0        507.384763   8760100000.000000 -2.291328   
87901    0        512.408619   8790100000.000000 -2.306302   
88201    0        516.243965   8820100000.000000 -2.321353   
88501    0        519.056746   8850100000.000000 -2.336570   
88801    0        522.372005   8880100000.000000 -2.350986   
89101    0        526.575743   8910100000.000000 -2.366633   
89401    0        529.268831   8940100000.000000 -2.382046   
89701    0        531.829816   8970100000.000000 -2.396412   
90001    0        534.533764   9000100000.000000 -2.409796   
90301    0        536.961196   9030100000.000000 -2.424446   
90601    0        539.676530   9060100000.000000 -2.437772   
90901    0        542.499615   9090100000.000000 -2.451049   
91201    0        546.074863   9120100000.000000 -2.464463   
91501    0        549.388039   9150100000.000000 -2.478030   
91801    0        553.181281   9180100000.000000 -2.490818   
92000    0        555.745812   9200000000.000000 -2.499086   
92101    0        557.019879   9210100000.000000 -2.504036   
92401    0        560.471915   9240100000.000000 -2.517851   
92701    0        564.228399   9270100000.000000 -2.529461   
93001    0        568.753428   9300100000.000000 -2.541727   
93301    0        573.278137   9330100000.000000 -2.552860   
93601    0        583.517756   9360100000.000000 -2.565003   
93901    0        587.353461   9390100000.000000 -2.576086   
94201    0        591.820200   9420100000.000000 -2.586552   
94501    0        595.699916   9450100000.000000 -2.598854   
94801    0        600.181741   9480100000.000000 -2.609840   
95101    0        605.441478   9510100000.000000 -2.620461   
95401    0        611.078985   9540100000.000000 -2.630876   
95701    0        614.819914   9570100000.000000 -2.641605   
96001    0        617.522890   9600100000.000000 -2.652088   
96301    0        620.010646   9630100000.000000 -2.661623   
96601    0        622.121341   9660100000.000000 -2.672131   
96901    0        624.116158   9690100000.000000 -2.682118   
97201    0        626.063050   9720100000.000000 -2.691694   
97501    0        628.004488   9750100000.000000 -2.701569   
97801    0        629.923395   9780100000.000000 -2.711018   
98101    0        631.827643   9810100000.000000 -2.721060   
98401    0        634.059414   9840100000.000000 -2.730397   
98701    0        636.466637   9870100000.000000 -2.739879   
99001    0        638.967765   9900100000.000000 -2.748599   
99301    0        640.976153   9930100000.000000 -2.758236   
99601    0        643.016504   9960100000.000000 -2.766174   
99901    0        645.219894   9990100000.000000 -2.774489   
100201   0        647.204901   10020100000.000000 -2.783620   
100501   0        649.247462   10050100000.000000 -2.792405   
100801   0        651.410705   10080100000.000000 -2.801108   
101101   0        653.335581   10110100000.000000 -2.809121   
101401   0        655.297565   10140100000.000000 -2.816828   
101701   0        657.498914   10170100000.000000 -2.824468   
102001   0        659.384544   10200100000.000000 -2.832811   
102301   0        661.301547   10230100000.000000 -2.840497   
102601   0        663.156014   10260100000.000000 -2.848382   
102901   0        665.165507   10290100000.000000 -2.855277   
103201   0        667.460125   10320100000.000000 -2.863415   
103501   0        669.312612   10350100000.000000 -2.870286   
103801   0        671.189777   10380100000.000000 -2.877329   
104101   0        673.033313   10410100000.000000 -2.884072   
104401   0        675.483476   10440100000.000000 -2.891180   
104701   0        677.883988   10470100000.000000 -2.898433   
105001   0        679.998738   10500100000.000000 -2.905539   
105301   0        681.944305   10530100000.000000 -2.911856   
105601   0        683.920248   10560100000.000000 -2.917937   
105901   0        685.780728   10590100000.000000 -2.924294   
106201   0        688.164761   10620100000.000000 -2.931008   
106501   0        690.013343   10650100000.000000 -2.937275   
106801   0        691.821887   10680100000.000000 -2.943563   
107101   0        693.805834   10710100000.000000 -2.949553   
107401   0        695.627207   10740100000.000000 -2.955767   
107701   0        697.481750   10770100000.000000 -2.961807   
108001   0        699.369399   10800100000.000000 -2.967560   
108301   0        701.133422   10830100000.000000 -2.973433   
108601   0        702.886654   10860100000.000000 -2.979428   
108901   0        704.642939   10890100000.000000 -2.985361   
109201   0        706.428329   10920100000.000000 -2.991095   
109501   0        708.564938   10950100000.000000 -2.996660   
109801   0        710.348160   10980100000.000000 -3.002242   
110101   0        712.116976   11010100000.000000 -3.007752   
110401   0        713.919524   11040100000.000000 -3.013376   
110701   0        715.909704   11070100000.000000 -3.019419   
111001   0        718.019343   11100100000.000000 -3.024609   
111301   0        720.568875   11130100000.000000 -3.029305   
111601   0        722.888188   11160100000.000000 -3.034626   
111901   0        724.862470   11190100000.000000 -3.039194   
112201   0        726.916305   11220100000.000000 -3.044128   
112501   0        728.892574   11250100000.000000 -3.048835   
112801   0        731.095243   11280100000.000000 -3.053111   
113101   0        733.073634   11310100000.000000 -3.058152   
113401   0        735.001848   11340100000.000000 -3.062690   
113701   0        736.948796   11370100000.000000 -3.066940   
114001   0        739.158910   11400100000.000000 -3.071074   
114301   0        741.558387   11430100000.000000 -3.075390   
114601   0        743.557241   11460100000.000000 -3.079468   
114901   0        745.816359   11490100000.000000 -3.083225   
115201   0        747.876349   11520100000.000000 -3.087421   
115501   0        750.569303   11550100000.000000 -3.091081   
115801   0        755.923573   11580100000.000000 -3.095069   
116101   0        759.788493   11610100000.000000 -3.099110   
116401   0        764.365039   11640100000.000000 -3.102986   
116701   0        767.014763   11670100000.000000 -3.107006   
117001   0        769.867058   11700100000.000000 -3.110651   
117301   0        772.761892   11730100000.000000 -3.114712   
117601   0        776.390117   11760100000.000000 -3.118647   
117901   0        778.677965   11790100000.000000 -3.122075   
118201   0        780.757265   11820100000.000000 -3.125475   
118501   0        782.662603   11850100000.000000 -3.129089   
118801   0        784.734570   11880100000.000000 -3.132370   
119101   0        786.773235   11910100000.000000 -3.135611   
119401   0        788.640187   11940100000.000000 -3.138715   
119701   0        790.729744   11970100000.000000 -3.141777   
120001   0        792.915818   12000100000.000000 -3.145025   
120301   0        795.117034   12030100000.000000 -3.148020   
120601   0        797.024986   12060100000.000000 -3.151107   
120901   0        798.948474   12090100000.000000 -3.154163   
121201   0        800.918646   12120100000.000000 -3.157360   
121501   0        802.727035   12150100000.000000 -3.160354   
121801   0        804.431584   12180100000.000000 -3.163448   
122101   0        806.279612   12210100000.000000 -3.166155   
122401   0        808.292593   12240100000.000000 -3.168989   
122701   0        810.168616   12270100000.000000 -3.171633   
123001   0        811.987115   12300100000.000000 -3.174138   
123301   0        813.699599   12330100000.000000 -3.176750   
123601   0        815.796034   12360100000.000000 -3.179381   
123901   0        817.556637   12390100000.000000 -3.182311   
124201   0        819.340320   12420100000.000000 -3.184752   
124501   0        821.017851   12450100000.000000 -3.187436   
124801   0        822.684093   12480100000.000000 -3.189860   
125101   0        824.342460   12510100000.000000 -3.192376   
125401   0        826.221806   12540100000.000000 -3.194672   
125701   0        828.010902   12570100000.000000 -3.197182   
126001   0        829.747542   12600100000.000000 -3.199632   
126301   0        831.517609   12630100000.000000 -3.202063   
126601   0        833.217711   12660100000.000000 -3.204516   
126901   0        835.243260   12690100000.000000 -3.206594   
127201   0        838.188974   12720100000.000000 -3.208992   
127501   0        840.096758   12750100000.000000 -3.211280   
127801   0        841.885137   12780100000.000000 -3.213555   
128101   0        843.733063   12810100000.000000 -3.215794   
128401   0        850.248235   12840100000.000000 -3.217905   
128701   0        852.932888   12870100000.000000 -3.219876   
129001   0        855.681388   12900100000.000000 -3.222061   
129301   0        859.050766   12930100000.000000 -3.224034   
129601   0        862.254158   12960100000.000000 -3.226313   
129901   0        865.858520   12990100000.000000 -3.228432   
130201   0        868.877997   13020100000.000000 -3.230336   
130501   0        872.820199   13050100000.000000 -3.232249   
130801   0        875.555788   13080100000.000000 -3.234090   
131101   0        878.064859   13110100000.000000 -3.236028   
131401   0        880.359473   13140100000.000000 -3.237842   
131701   0        882.566455   13170100000.000000 -3.239762   
132001   0        884.540538   13200100000.000000 -3.241485   
132301   0        886.599708   13230100000.000000 -3.243126   
132601   0        888.529446   13260100000.000000 -3.244748   
132901   0        890.494742   13290100000.000000 -3.246362   
133201   0        892.408631   13320100000.000000 -3.247880   
133501   0        894.602188   13350100000.000000 -3.249456   
133801   0        896.687017   13380100000.000000 -3.251091   
134101   0        899.304541   13410100000.000000 -3.252708   
134401   0        901.575891   13440100000.000000 -3.254310   
134701   0        903.872155   13470100000.000000 -3.255857   
135001   0        906.159859   13500100000.000000 -3.257294   
135301   0        908.201649   13530100000.000000 -3.258821   
135601   0        910.138989   13560100000.000000 -3.260364   
135901   0        912.452963   13590100000.000000 -3.261844   
136201   0        914.632225   13620100000.000000 -3.263281   
136501   0        916.895247   13650100000.000000 -3.264833   
136801   0        919.402305   13680100000.000000 -3.266157   
137101   0        921.707616   13710100000.000000 -3.267569   
137401   0        923.899515   13740100000.000000 -3.269017   
137701   0        927.183040   13770100000.000000 -3.270339   
138001   0        929.595913   13800100000.000000 -3.271708   
138301   0        932.386084   13830100000.000000 -3.273027   
138601   0        935.972443   13860100000.000000 -3.274167   
138901   0        941.484688   13890100000.000000 -3.275486   
139201   0        946.748134   13920100000.000000 -3.276690   
139501   0        950.173804   13950100000.000000 -3.277900   
139801   0        953.795169   13980100000.000000 -3.279205   
140101   0        957.268253   14010100000.000000 -3.280498   
140401   0        961.164351   14040100000.000000 -3.281679   
140701   0        964.320210   14070100000.000000 -3.282839   
141001   0        967.571032   14100100000.000000 -3.284032   
141301   0        970.351518   14130100000.000000 -3.285216   
141601   0        973.660375   14160100000.000000 -3.286446   
141901   0        976.608071   14190100000.000000 -3.287479   
142201   0        979.059644   14220100000.000000 -3.288446   
142501   0        982.405364   14250100000.000000 -3.289482   
142801   0        984.570026   14280100000.000000 -3.290483   
143101   0        986.774098   14310100000.000000 -3.291494   
143401   0        988.862762   14340100000.000000 -3.292496   
143701   0        990.962374   14370100000.000000 -3.293480   
144001   0        993.288961   14400100000.000000 -3.294406   
144301   0        995.520124   14430100000.000000 -3.295402   
144601   0        998.482157   14460100000.000000 -3.296384   
144901   0        1000.935446  14490100000.000000 -3.297322   
145201   0        1003.588857  14520100000.000000 -3.298300   
145501   0        1006.039822  14550100000.000000 -3.299322   
145801   0        1008.707250  14580100000.000000 -3.300189   
146101   0        1011.430733  14610100000.000000 -3.301096   
146401   0        1013.953302  14640100000.000000 -3.301975   
146701   0        1016.481037  14670100000.000000 -3.302757   
147001   0        1019.447521  14700100000.000000 -3.303638   
147301   0        1021.687194  14730100000.000000 -3.304482   
147601   0        1023.839143  14760100000.000000 -3.305252   
147901   0        1025.891426  14790100000.000000 -3.306120   
148201   0        1028.395528  14820100000.000000 -3.306962   
148501   0        1030.661282  14850100000.000000 -3.307763   
148801   0        1033.125383  14880100000.000000 -3.308484   
149101   0        1036.285559  14910100000.000000 -3.309237   
149401   0        1038.649101  14940100000.000000 -3.309968   
149701   0        1040.802249  14970100000.000000 -3.310687   
150000   0        1042.909346  15000000000.000000 -3.311475   
