# Energy vs Time Data
# Generated on: 2025-06-17 11:50:00
# Columns: Step, Time_Elapsed_s, U_max, Acceptance_Ratio, dx
#
1        0.003127     63.345482    0.996350     0.600000    
151      0.412191     62.481949    0.948310     0.600000    
301      0.817494     61.813831    0.948660     0.600000    
451      1.224691     61.159618    0.947530     0.600000    
601      1.630842     60.455875    0.947030     0.600000    
751      2.035469     59.816917    0.948340     0.600000    
901      2.445269     59.149536    0.948690     0.600000    
1051     2.935189     58.476540    0.945420     0.600000    
1201     3.410617     57.759964    0.947590     0.600000    
1351     3.873482     57.162655    0.950160     0.600000    
1501     4.437291     56.515743    0.946900     0.600000    
1651     4.867913     55.902557    0.946870     0.600000    
1801     5.536775     55.368176    0.945630     0.600000    
1951     5.950557     54.689545    0.944170     0.600000    
2101     6.393818     54.142647    0.945660     0.600000    
2251     7.002772     53.578697    0.947150     0.600000    
2401     7.417399     53.000389    0.946310     0.600000    
2551     7.845636     52.396950    0.947440     0.600000    
2701     8.319190     51.865067    0.945940     0.600000    
2851     8.820550     51.297329    0.945550     0.600000    
3001     9.308286     50.704498    0.946790     0.600000    
3151     9.724199     50.181004    0.944260     0.600000    
3301     10.145253    49.640472    0.944090     0.600000    
3451     10.566341    49.087883    0.946070     0.600000    
3601     11.002637    48.574116    0.945150     0.600000    
3751     11.482949    48.038750    0.944250     0.600000    
3901     11.908839    47.507690    0.943000     0.600000    
4051     12.342748    46.978214    0.944780     0.600000    
4201     12.783431    46.474991    0.943800     0.600000    
4351     13.219326    45.936790    0.944400     0.600000    
4501     13.697143    45.410629    0.941160     0.600000    
4651     14.169160    44.900009    0.944770     0.600000    
4801     14.602582    44.432327    0.941940     0.600000    
4951     15.130946    43.978275    0.943370     0.600000    
5101     15.618424    43.521130    0.942660     0.600000    
5251     16.077361    43.095406    0.942440     0.600000    
5401     16.542012    42.619411    0.941900     0.600000    
5551     17.155339    42.138805    0.940660     0.600000    
5701     17.713242    41.683498    0.941450     0.600000    
5851     18.249015    41.259060    0.941960     0.600000    
6001     18.765402    40.855209    0.942850     0.600000    
6151     19.221876    40.424343    0.939970     0.600000    
6301     19.685360    39.940784    0.940390     0.600000    
6451     20.149313    39.478394    0.940230     0.600000    
6601     20.627376    39.105556    0.941990     0.600000    
6751     21.163361    38.737183    0.939610     0.600000    
6901     21.669691    38.335770    0.941470     0.600000    
7051     22.209414    37.993164    0.939730     0.600000    
7201     22.706586    37.578743    0.939590     0.600000    
7351     23.237111    37.155266    0.938590     0.600000    
7501     23.895732    36.720848    0.940460     0.600000    
7651     24.516001    36.333061    0.939930     0.600000    
7801     24.995978    35.975388    0.939830     0.600000    
7951     25.517573    35.590027    0.937450     0.600000    
8101     26.034090    35.215450    0.936510     0.600000    
8251     26.537909    34.777874    0.938320     0.600000    
8401     27.040931    34.377499    0.937720     0.600000    
8551     27.545525    33.969620    0.937770     0.600000    
8701     28.231937    33.598999    0.938110     0.600000    
8851     28.842899    33.254776    0.937810     0.600000    
9001     29.367270    32.796970    0.936780     0.600000    
9151     29.934439    32.431328    0.939670     0.600000    
9301     30.574983    32.073334    0.936720     0.600000    
9451     31.111919    31.701994    0.935290     0.600000    
9601     31.623718    31.367039    0.937480     0.600000    
9751     32.174812    31.033876    0.935900     0.600000    
9901     32.727840    30.697649    0.937160     0.600000    
10051    33.250821    30.342667    0.936310     0.600000    
10201    33.825119    30.036512    0.934590     0.600000    
10351    34.473990    29.740108    0.933850     0.600000    
10501    34.968118    29.421860    0.932630     0.600000    
10651    35.506517    29.082739    0.933670     0.600000    
10801    36.062001    28.744652    0.934060     0.600000    
10951    36.618125    28.438839    0.933550     0.600000    
11101    37.126080    28.097437    0.933700     0.600000    
11251    37.661558    27.786604    0.934120     0.600000    
11401    38.211974    27.531395    0.933660     0.600000    
11551    38.814302    27.191637    0.931910     0.600000    
11701    39.668210    26.911411    0.932080     0.600000    
11851    40.178246    26.641937    0.930570     0.600000    
12001    40.745223    26.345203    0.933240     0.600000    
12151    41.260649    26.025690    0.932530     0.600000    
12301    41.825315    25.722820    0.930540     0.600000    
12451    42.380254    25.426102    0.930960     0.600000    
12601    42.946084    25.150101    0.933400     0.600000    
12751    43.475183    24.853428    0.931500     0.600000    
12901    43.997088    24.554266    0.929110     0.600000    
13051    44.526074    24.294611    0.928130     0.600000    
13201    45.086242    24.042160    0.930560     0.600000    
13351    45.698688    23.791864    0.930660     0.600000    
13501    46.258257    23.571510    0.926860     0.600000    
13651    46.793459    23.293842    0.930420     0.600000    
13801    47.307948    23.044092    0.928770     0.600000    
13951    47.880567    22.812977    0.930830     0.600000    
14101    48.400240    22.557636    0.928570     0.600000    
14251    49.040950    22.296391    0.928780     0.600000    
14401    49.782009    22.029613    0.928440     0.600000    
14551    50.326379    21.809284    0.925800     0.600000    
14701    50.876654    21.566845    0.927530     0.600000    
14851    51.401551    21.289440    0.926180     0.600000    
15000    51.958309    21.056999    0.925320     0.600000    
15001    51.963495    21.056316    0.927250     0.600000    
15151    52.536084    20.800182    0.926530     0.600000    
15301    53.110394    20.555944    0.923600     0.600000    
15451    53.638185    20.313452    0.926490     0.600000    
15601    54.281730    20.083950    0.924990     0.600000    
15751    54.812181    19.881939    0.923400     0.600000    
15901    55.339114    19.703327    0.925830     0.600000    
16051    55.859934    19.470032    0.924410     0.600000    
16201    56.380613    19.254726    0.925100     0.600000    
16351    56.925615    19.073280    0.923160     0.600000    
16501    57.449614    18.890522    0.924770     0.600000    
16651    57.972487    18.689732    0.923090     0.600000    
16801    58.868614    18.474474    0.922150     0.600000    
16951    59.399526    18.303139    0.920910     0.600000    
17101    59.963604    18.123341    0.922130     0.600000    
17251    60.487352    17.922709    0.920190     0.600000    
17401    61.008870    17.720440    0.922450     0.600000    
17551    61.587851    17.520136    0.920020     0.600000    
17701    62.106884    17.329279    0.919800     0.600000    
17851    62.713163    17.133553    0.920850     0.600000    
18001    63.259279    16.960894    0.919700     0.600000    
18151    63.788699    16.778770    0.917830     0.600000    
18301    64.322507    16.589476    0.920630     0.600000    
18451    64.855177    16.404884    0.917850     0.600000    
18601    65.385036    16.249666    0.920240     0.600000    
18751    65.911831    16.069403    0.919790     0.600000    
18901    66.473794    15.895271    0.916790     0.600000    
19051    67.070971    15.718526    0.918760     0.600000    
19201    67.658932    15.545778    0.917140     0.600000    
19351    68.245810    15.356567    0.917900     0.600000    
19501    68.795683    15.188087    0.914870     0.600000    
19651    69.372963    15.034658    0.918730     0.600000    
19801    70.135682    14.875645    0.915570     0.600000    
19951    70.923818    14.712276    0.915460     0.600000    
20000    71.109836    14.658691    0.915720     0.600000    
20101    71.512586    14.560544    0.915590     0.600000    
20251    72.223550    14.403588    0.914930     0.600000    
20401    72.992053    14.240849    0.913860     0.600000    
20551    73.827193    14.089522    0.916110     0.600000    
20701    74.619892    13.942059    0.914590     0.600000    
20851    75.218540    13.792843    0.913740     0.600000    
21001    75.776740    13.607806    0.914400     0.600000    
21151    76.338994    13.457352    0.912870     0.600000    
21301    76.884736    13.310949    0.909940     0.600000    
21451    77.429377    13.178327    0.911840     0.600000    
21601    78.054030    13.013818    0.912650     0.600000    
21751    78.607512    12.854030    0.910810     0.600000    
21901    79.223978    12.720554    0.912150     0.600000    
22051    80.236525    12.596254    0.912170     0.600000    
22201    81.292908    12.450090    0.910420     0.600000    
22351    82.007989    12.331189    0.907750     0.600000    
22501    82.568393    12.220224    0.910940     0.600000    
22651    83.166148    12.102718    0.909060     0.600000    
22801    83.770592    11.982103    0.908870     0.600000    
22951    84.362549    11.868624    0.909770     0.600000    
23101    85.037237    11.718832    0.908560     0.600000    
23251    85.585292    11.584898    0.906290     0.600000    
23401    86.176395    11.458417    0.907860     0.600000    
23551    86.868448    11.325175    0.903920     0.600000    
23701    87.943913    11.201815    0.905160     0.600000    
23851    88.711990    11.093040    0.906560     0.600000    
24001    89.381604    10.974946    0.904750     0.600000    
24151    89.996457    10.867323    0.905780     0.600000    
24301    90.582301    10.739522    0.905920     0.600000    
24451    91.833157    10.618613    0.903490     0.600000    
24601    92.817190    10.506481    0.902540     0.600000    
24751    93.732933    10.415011    0.904600     0.600000    
24901    94.325379    10.305449    0.904420     0.600000    
25051    94.912738    10.202764    0.902020     0.600000    
25201    95.573436    10.102745    0.902690     0.600000    
25351    96.128055    10.009142    0.902120     0.600000    
25501    96.685370    9.900511     0.900010     0.600000    
25651    97.517111    9.800298     0.903470     0.600000    
25801    98.096142    9.701080     0.900610     0.600000    
25951    98.703351    9.595159     0.899980     0.600000    
26000    98.913555    9.561455     0.901480     0.600000    
26101    99.338315    9.496052     0.898660     0.600000    
26251    99.907083    9.392198     0.897670     0.600000    
26401    100.491795   9.293562     0.898600     0.600000    
26551    101.117822   9.196722     0.899520     0.600000    
26701    101.711458   9.095693     0.898390     0.600000    
26851    102.530670   8.998373     0.897040     0.600000    
27001    103.270099   8.902109     0.895100     0.600000    
27151    103.936244   8.819108     0.896530     0.600000    
27301    104.529358   8.716572     0.899720     0.600000    
27451    105.137017   8.625412     0.897240     0.600000    
27601    105.747947   8.535381     0.895120     0.600000    
27751    106.327743   8.446477     0.896200     0.600000    
27901    107.227426   8.352942     0.894390     0.600000    
28051    108.009036   8.264718     0.895680     0.600000    
28201    108.709654   8.174911     0.891750     0.600000    
28351    109.331502   8.083258     0.894780     0.600000    
28501    110.077899   7.993865     0.891120     0.600000    
28651    110.913659   7.901854     0.891500     0.600000    
28801    111.520320   7.822412     0.890660     0.600000    
28951    112.093774   7.746235     0.889950     0.600000    
29101    112.950301   7.660980     0.889940     0.600000    
29251    113.949230   7.592790     0.889340     0.600000    
29401    114.927169   7.524586     0.890940     0.600000    
29551    115.804110   7.432488     0.888990     0.600000    
29701    116.588640   7.350388     0.887300     0.600000    
29851    117.229359   7.269424     0.886480     0.600000    
30001    117.822516   7.193560     0.889860     0.600000    
30151    118.424585   7.120924     0.884160     0.600000    
30301    119.003377   7.051283     0.885780     0.600000    
30451    119.637164   6.983023     0.886710     0.600000    
30601    120.284570   6.917855     0.884940     0.600000    
30751    120.862398   6.854415     0.882420     0.600000    
30901    121.450127   6.782500     0.883550     0.600000    
31051    122.390620   6.710111     0.883330     0.600000    
31201    123.191509   6.639144     0.887530     0.600000    
31351    123.857108   6.570435     0.883050     0.600000    
31501    124.458103   6.511453     0.880610     0.600000    
31651    125.129525   6.446445     0.878960     0.600000    
31801    125.715400   6.379353     0.880660     0.600000    
31951    126.284077   6.306342     0.880860     0.600000    
32101    126.856975   6.241588     0.879780     0.600000    
32251    127.458206   6.176661     0.876110     0.600000    
32401    128.051422   6.110526     0.877800     0.600000    
32551    128.657562   6.044800     0.876830     0.600000    
32701    129.216521   5.983641     0.877850     0.600000    
32851    129.883585   5.926210     0.875380     0.600000    
33000    130.463125   5.863751     0.876320     0.600000    
33001    130.466830   5.863444     0.877600     0.600000    
33151    131.018156   5.798838     0.874680     0.600000    
33301    131.573733   5.738161     0.871380     0.600000    
33451    132.133338   5.676912     0.873750     0.600000    
33601    132.842237   5.628137     0.873240     0.600000    
33751    133.599155   5.577084     0.869790     0.600000    
33901    134.178578   5.523987     0.873620     0.600000    
34051    134.730365   5.473080     0.871810     0.600000    
34201    135.342954   5.416257     0.870300     0.600000    
34351    135.905757   5.363676     0.868880     0.600000    
34501    136.448485   5.303703     0.869780     0.600000    
34651    137.093902   5.250742     0.869170     0.600000    
34801    137.682039   5.200493     0.865410     0.600000    
34951    138.239704   5.151389     0.865050     0.600000    
35101    138.900326   5.100484     0.866390     0.600000    
35251    139.470647   5.059271     0.866600     0.600000    
35401    140.095777   5.013339     0.864980     0.600000    
35551    140.778194   4.960543     0.863830     0.600000    
35701    141.344099   4.916521     0.864850     0.600000    
35851    141.916785   4.876427     0.860260     0.600000    
36001    142.543588   4.835446     0.861630     0.600000    
36151    143.114640   4.789293     0.861180     0.600000    
36301    143.727513   4.746840     0.861950     0.600000    
36451    144.518459   4.710578     0.861620     0.600000    
36601    145.111577   4.668993     0.857780     0.600000    
36751    145.739755   4.624236     0.859690     0.600000    
36901    146.361106   4.581736     0.860460     0.600000    
37051    146.993872   4.546608     0.854150     0.600000    
37201    147.600479   4.508842     0.855790     0.600000    
37351    148.248937   4.463304     0.854060     0.600000    
37501    149.163859   4.424296     0.852960     0.600000    
37651    149.989905   4.380650     0.854970     0.600000    
37801    150.711016   4.339799     0.851980     0.600000    
37951    151.540016   4.302030     0.853120     0.600000    
38101    152.444517   4.267778     0.849020     0.600000    
38251    153.211699   4.233469     0.850450     0.600000    
38401    154.174163   4.197675     0.851910     0.600000    
38551    155.026870   4.161848     0.850070     0.600000    
38701    155.765068   4.128531     0.848090     0.600000    
38851    156.509996   4.095896     0.845790     0.600000    
39001    157.185102   4.064261     0.846260     0.600000    
39151    157.898809   4.027946     0.846160     0.600000    
39301    158.793989   3.998132     0.843800     0.600000    
39451    159.571471   3.966232     0.842770     0.600000    
39601    160.241535   3.932904     0.843290     0.600000    
39751    160.862857   3.902395     0.840360     0.600000    
39901    161.468042   3.872164     0.840660     0.600000    
40051    162.065926   3.845413     0.839340     0.600000    
40201    162.706606   3.816155     0.841920     0.600000    
40351    163.309158   3.786487     0.839220     0.600000    
40501    164.025633   3.756811     0.834710     0.600000    
40651    164.776039   3.728071     0.835770     0.600000    
40801    165.566480   3.702254     0.836420     0.600000    
40951    166.211712   3.673729     0.832950     0.600000    
41101    166.888964   3.649567     0.834080     0.600000    
41251    167.512371   3.621414     0.830600     0.600000    
41401    168.120911   3.594123     0.829060     0.600000    
41551    168.906995   3.565576     0.832540     0.600000    
41701    169.654173   3.538983     0.829200     0.600000    
41851    170.265374   3.515315     0.826620     0.600000    
42001    170.951251   3.490789     0.826630     0.600000    
42151    171.671058   3.468392     0.825560     0.600000    
42301    172.296857   3.446441     0.821100     0.600000    
42451    172.928697   3.426688     0.822200     0.600000    
42601    173.566907   3.404352     0.820330     0.600000    
42751    174.192142   3.382092     0.821860     0.600000    
42901    174.863261   3.360425     0.815750     0.600000    
43051    175.625748   3.342900     0.817420     0.600000    
43201    176.239390   3.324728     0.818160     0.600000    
43351    176.854121   3.305408     0.815750     0.600000    
43501    177.526656   3.287932     0.817900     0.600000    
43651    178.148436   3.268537     0.814700     0.600000    
43801    178.751574   3.253799     0.813060     0.600000    
43951    179.361440   3.241246     0.812020     0.600000    
44101    179.955904   3.227051     0.809800     0.600000    
44251    180.554610   3.211946     0.807650     0.600000    
44401    181.143560   3.200323     0.813400     0.600000    
44551    181.733238   3.188620     0.807050     0.600000    
44701    182.320551   3.173615     0.806690     0.600000    
44851    182.896465   3.160147     0.805180     0.600000    
45001    183.510200   3.144207     0.808030     0.600000    
45151    184.174637   3.130795     0.805380     0.600000    
45301    184.826933   3.113245     0.807280     0.600000    
45451    185.478923   3.097520     0.806180     0.600000    
45601    186.111269   3.082136     0.805490     0.600000    
45751    186.823530   3.067029     0.808380     0.600000    
45901    187.479214   3.051296     0.807860     0.600000    
46051    188.064496   3.035274     0.804800     0.600000    
46201    188.654259   3.018596     0.806890     0.600000    
46351    189.268900   3.004434     0.809070     0.600000    
46501    189.899030   2.987195     0.807320     0.600000    
46651    190.510729   2.970541     0.806380     0.600000    
46801    191.097098   2.951710     0.803920     0.600000    
46951    191.708873   2.935752     0.807850     0.600000    
47101    192.365886   2.919423     0.806830     0.600000    
47251    193.010551   2.901596     0.808050     0.600000    
47401    193.643608   2.884016     0.806700     0.600000    
47551    194.242486   2.866151     0.808290     0.600000    
47701    194.946845   2.848721     0.809600     0.600000    
47851    195.802660   2.827634     0.810540     0.600000    
48001    196.423140   2.811781     0.807690     0.600000    
48151    197.063642   2.794385     0.810430     0.600000    
48301    197.655530   2.779636     0.812240     0.600000    
48451    198.244125   2.760502     0.810290     0.600000    
48601    198.822892   2.741227     0.810880     0.600000    
48751    199.430382   2.724904     0.810120     0.600000    
48901    200.162046   2.707302     0.814520     0.600000    
49051    200.861715   2.690263     0.814990     0.600000    
49201    201.504149   2.674176     0.816090     0.600000    
49351    202.152677   2.656714     0.815510     0.600000    
49501    202.843322   2.642616     0.821460     0.600000    
49651    203.655139   2.625097     0.825240     0.600000    
49801    204.386100   2.607935     0.826130     0.600000    
49951    205.136817   2.591512     0.830710     0.600000    
50101    205.976657   2.556351     0.825480     0.600000    
50251    206.872612   2.521397     0.822990     0.600000    
50401    207.668028   2.487353     0.824470     0.600000    
50551    208.428079   2.454287     0.820240     0.600000    
50701    209.058246   2.419020     0.823640     0.600000    
50851    209.683582   2.384409     0.825080     0.600000    
51000    210.296558   2.352723     0.824080     0.600000    
51001    210.302742   2.352463     0.824670     0.600000    
51151    210.916332   2.317685     0.820040     0.600000    
51301    211.537947   2.280757     0.822470     0.600000    
51451    212.163203   2.246484     0.820840     0.600000    
51601    212.783182   2.210291     0.817840     0.600000    
51751    213.402642   2.176218     0.818810     0.600000    
51901    214.013695   2.143188     0.820290     0.600000    
52051    214.646143   2.113009     0.820120     0.600000    
52201    215.264773   2.077158     0.817340     0.600000    
52351    215.967863   2.041299     0.818500     0.600000    
52501    216.622907   2.007181     0.816130     0.600000    
52651    217.498049   1.977523     0.815960     0.600000    
52801    218.655133   1.945117     0.813610     0.600000    
52951    219.363647   1.912935     0.814310     0.600000    
53101    220.042121   1.881238     0.817360     0.600000    
53251    220.663752   1.847200     0.812330     0.600000    
53401    221.274252   1.813892     0.809460     0.600000    
53551    221.884460   1.779946     0.812010     0.600000    
53701    222.495471   1.744480     0.809720     0.600000    
53851    223.109693   1.712609     0.809880     0.600000    
54001    223.705784   1.678700     0.805480     0.600000    
54151    224.289137   1.647357     0.805990     0.600000    
54301    224.882993   1.614726     0.806020     0.600000    
54451    225.479729   1.580497     0.807930     0.600000    
54601    226.169185   1.550085     0.807390     0.600000    
54751    226.855209   1.520481     0.804530     0.600000    
54901    227.446396   1.486162     0.804280     0.600000    
55051    228.044056   1.455098     0.802070     0.600000    
55201    228.640696   1.425122     0.802650     0.600000    
55351    229.237703   1.395810     0.800570     0.600000    
55501    229.828363   1.366831     0.797520     0.600000    
55651    230.425696   1.340466     0.799330     0.600000    
55801    231.017499   1.314970     0.797030     0.600000    
55951    231.655428   1.283459     0.798790     0.600000    
56101    232.304804   1.256334     0.799280     0.600000    
56251    232.905632   1.226723     0.799070     0.600000    
56401    233.496247   1.196006     0.797240     0.600000    
56551    234.100331   1.164991     0.793980     0.600000    
56701    234.704517   1.139697     0.794240     0.600000    
56851    235.303309   1.112414     0.793960     0.600000    
57001    235.919830   1.082201     0.794470     0.600000    
57151    236.523367   1.054267     0.791150     0.600000    
57301    237.285318   1.029846     0.791880     0.600000    
57451    237.917035   1.000034     0.792250     0.600000    
57601    238.513876   0.972304     0.788890     0.600000    
57751    239.108098   0.945250     0.788730     0.600000    
57901    239.696944   0.911280     0.788060     0.600000    
58051    240.292862   0.881138     0.788000     0.600000    
58201    240.893782   0.851593     0.787780     0.600000    
58351    241.486564   0.823898     0.786100     0.600000    
58501    242.088268   0.793942     0.786530     0.600000    
58651    242.693149   0.767213     0.786760     0.600000    
58801    243.292134   0.743135     0.784370     0.600000    
58951    243.882409   0.713702     0.783490     0.600000    
59101    244.485093   0.686732     0.782150     0.600000    
59251    245.076073   0.659719     0.781590     0.600000    
59401    245.668959   0.633760     0.780150     0.600000    
59551    246.271432   0.607509     0.779510     0.600000    
59701    246.933516   0.583209     0.777910     0.600000    
59851    247.737139   0.554624     0.778850     0.600000    
60000    248.340488   0.530349     0.777550     0.600000    
60001    248.344177   0.530037     0.774400     0.600000    
60151    248.926402   0.503536     0.778520     0.600000    
60301    249.515642   0.478737     0.778590     0.600000    
60451    250.100954   0.451226     0.772860     0.600000    
60601    250.702356   0.425022     0.777510     0.600000    
60751    251.300692   0.396147     0.774130     0.600000    
60901    251.910524   0.368671     0.771980     0.600000    
61051    252.519823   0.340735     0.771140     0.600000    
61201    253.135679   0.309737     0.770610     0.600000    
61351    253.749262   0.286383     0.772050     0.600000    
61501    254.345817   0.262039     0.767610     0.600000    
61651    255.017003   0.235964     0.769330     0.600000    
61801    255.648830   0.211009     0.767110     0.600000    
61951    256.275490   0.181780     0.767180     0.600000    
62101    256.897146   0.157537     0.766700     0.600000    
62251    257.522072   0.135459     0.763100     0.600000    
62401    258.137469   0.111412     0.763750     0.600000    
62551    258.740333   0.087078     0.761920     0.600000    
62701    259.352412   0.063712     0.757940     0.600000    
62851    259.955238   0.040637     0.760750     0.600000    
63001    260.549539   0.015254     0.759720     0.600000    
63151    261.145630   -0.007887    0.759440     0.600000    
63301    261.741866   -0.032070    0.759030     0.600000    
63451    262.437932   -0.053288    0.757060     0.600000    
63601    263.033292   -0.076392    0.752620     0.600000    
63751    263.606035   -0.101466    0.752640     0.600000    
63901    264.185839   -0.125382    0.753140     0.600000    
64051    264.760214   -0.147151    0.752210     0.600000    
64201    265.335826   -0.170116    0.753410     0.600000    
64351    265.896061   -0.192127    0.749140     0.600000    
64501    266.467862   -0.214196    0.746420     0.600000    
64651    267.232889   -0.235777    0.747700     0.600000    
64801    267.953884   -0.261787    0.748900     0.600000    
64951    268.631998   -0.282840    0.749190     0.600000    
65101    269.208489   -0.302344    0.743050     0.600000    
65251    269.780698   -0.321775    0.744170     0.600000    
65401    270.351134   -0.340424    0.742630     0.600000    
65551    270.913647   -0.362163    0.745280     0.600000    
65701    271.478912   -0.380154    0.741070     0.600000    
65851    272.040466   -0.401102    0.741880     0.600000    
66001    272.600940   -0.421460    0.739500     0.600000    
66151    273.167573   -0.441947    0.738690     0.600000    
66301    273.732764   -0.463256    0.739340     0.600000    
66451    274.298599   -0.485234    0.739410     0.600000    
66601    274.921462   -0.505336    0.734880     0.600000    
66751    275.704495   -0.526712    0.735520     0.600000    
66901    276.375516   -0.545465    0.735500     0.600000    
67051    277.228111   -0.567009    0.731850     0.600000    
67201    278.073349   -0.585012    0.734540     0.600000    
67351    279.043966   -0.604228    0.733390     0.600000    
67501    281.122879   -0.624816    0.731510     0.600000    
67651    282.196193   -0.644031    0.729540     0.600000    
67801    283.037594   -0.665354    0.725770     0.600000    
67951    283.765527   -0.684218    0.730450     0.600000    
68101    284.485673   -0.702581    0.727970     0.600000    
68251    285.173249   -0.722442    0.725600     0.600000    
68401    285.909418   -0.739268    0.723370     0.600000    
68551    286.624198   -0.756850    0.725210     0.600000    
68701    287.285840   -0.776560    0.723700     0.600000    
68851    288.115983   -0.796535    0.719550     0.600000    
69001    289.059723   -0.814760    0.720300     0.600000    
69151    289.920487   -0.832666    0.722380     0.600000    
69301    290.601149   -0.848916    0.717550     0.600000    
69451    291.265449   -0.868342    0.718040     0.600000    
69601    291.926978   -0.883963    0.716770     0.600000    
69751    292.575018   -0.901058    0.715720     0.600000    
69901    293.233184   -0.917564    0.711990     0.600000    
70000    293.673977   -0.928546    0.713430     0.600000    
70051    293.895369   -0.934332    0.712730     0.600000    
70201    294.558986   -0.952585    0.708340     0.600000    
70351    295.212714   -0.968049    0.712000     0.600000    
70501    295.872869   -0.987133    0.710830     0.600000    
70651    296.520066   -1.003633    0.709160     0.600000    
70801    297.164452   -1.020976    0.707520     0.600000    
70951    297.855883   -1.038958    0.705950     0.600000    
71101    298.533619   -1.055331    0.703810     0.600000    
71251    299.174574   -1.070641    0.705760     0.600000    
71401    299.955853   -1.086559    0.702630     0.600000    
71551    300.662436   -1.101882    0.703130     0.600000    
71701    301.303670   -1.118191    0.702140     0.600000    
71851    301.938136   -1.136055    0.701200     0.600000    
72001    302.579798   -1.153342    0.703530     0.600000    
72151    303.222758   -1.169232    0.696940     0.600000    
72301    303.861349   -1.183550    0.694210     0.600000    
72451    304.523652   -1.200652    0.696660     0.600000    
72601    305.211762   -1.218721    0.693540     0.600000    
72751    306.099155   -1.234746    0.694660     0.600000    
72901    306.802828   -1.250831    0.694210     0.600000    
73051    307.462757   -1.266041    0.694190     0.600000    
73201    308.108236   -1.282434    0.693120     0.600000    
73351    308.752966   -1.296010    0.690220     0.600000    
73501    309.396046   -1.309352    0.683530     0.600000    
73651    310.151811   -1.325106    0.688080     0.600000    
73801    310.862566   -1.339708    0.682610     0.600000    
73951    311.539347   -1.353314    0.687080     0.600000    
74101    312.178597   -1.367334    0.682490     0.600000    
74251    312.849927   -1.379897    0.684650     0.600000    
74401    313.736741   -1.392980    0.680900     0.600000    
74551    314.410372   -1.407293    0.682340     0.600000    
74701    315.080889   -1.421556    0.680820     0.600000    
74851    315.852346   -1.433849    0.678940     0.600000    
75001    316.682425   -1.446818    0.677520     0.600000    
75151    317.486605   -1.462132    0.674850     0.600000    
75301    318.314541   -1.474865    0.671820     0.600000    
75451    319.269459   -1.487968    0.675070     0.600000    
75601    320.155284   -1.503812    0.669560     0.600000    
75751    321.197894   -1.515957    0.669630     0.600000    
75901    321.963223   -1.528559    0.666880     0.600000    
76051    322.661044   -1.544631    0.665920     0.600000    
76201    323.354877   -1.556761    0.667390     0.600000    
76351    324.036459   -1.570620    0.665900     0.600000    
76501    324.726974   -1.582961    0.666920     0.600000    
76651    325.395656   -1.595023    0.660830     0.600000    
76801    326.061159   -1.606547    0.662680     0.600000    
76951    326.728667   -1.618353    0.662350     0.600000    
77101    327.409479   -1.632241    0.658230     0.600000    
77251    328.088029   -1.642182    0.656270     0.600000    
77401    328.803873   -1.656793    0.658560     0.600000    
77551    329.521135   -1.667831    0.658420     0.600000    
77701    330.183941   -1.681464    0.652480     0.600000    
77851    331.050830   -1.692161    0.650980     0.600000    
78001    331.917561   -1.703064    0.655130     0.600000    
78151    332.623792   -1.714535    0.651790     0.600000    
78301    333.321831   -1.726976    0.649200     0.600000    
78451    334.031425   -1.739825    0.645960     0.600000    
78601    334.710818   -1.752609    0.646630     0.600000    
78751    335.386704   -1.764972    0.645930     0.600000    
78901    336.070984   -1.775580    0.643620     0.600000    
79051    336.753736   -1.786801    0.641890     0.600000    
79201    337.470660   -1.796706    0.641270     0.600000    
79351    338.176718   -1.807777    0.640130     0.600000    
79501    338.860544   -1.818726    0.636930     0.600000    
79651    339.546892   -1.829198    0.639560     0.600000    
79801    340.203862   -1.838791    0.634060     0.600000    
79951    340.879756   -1.850175    0.635820     0.600000    
80101    341.554284   -1.861047    0.637050     0.600000    
80251    342.355072   -1.872205    0.632050     0.600000    
80401    343.067701   -1.882848    0.630540     0.600000    
80551    343.725276   -1.891981    0.630980     0.600000    
80701    344.451263   -1.903599    0.626720     0.600000    
80851    345.113281   -1.913282    0.630040     0.600000    
81000    345.777367   -1.924047    0.625430     0.600000    
81001    345.783627   -1.924094    0.630880     0.600000    
81151    346.437567   -1.933802    0.623390     0.600000    
81301    347.097401   -1.943118    0.624430     0.600000    
81451    347.734749   -1.952319    0.619880     0.600000    
81601    348.396568   -1.962856    0.619510     0.600000    
81751    349.050498   -1.971113    0.621970     0.600000    
81901    349.698026   -1.981364    0.621120     0.600000    
82051    350.354107   -1.990520    0.617140     0.600000    
82201    351.009490   -2.001436    0.615400     0.600000    
82351    351.668170   -2.010717    0.614030     0.600000    
82501    352.316328   -2.021739    0.613300     0.600000    
82651    353.342535   -2.031729    0.613470     0.600000    
82801    354.567699   -2.040810    0.612960     0.600000    
82951    355.464206   -2.050194    0.612530     0.600000    
83101    356.264269   -2.060196    0.609200     0.600000    
83251    356.965276   -2.069621    0.605000     0.600000    
83401    357.657876   -2.077346    0.605370     0.600000    
83551    358.358234   -2.087154    0.607200     0.600000    
83701    359.031475   -2.097061    0.603040     0.600000    
83851    359.745811   -2.105901    0.601450     0.600000    
84001    360.490183   -2.114934    0.601310     0.600000    
84151    361.179920   -2.123802    0.598730     0.600000    
84301    361.877274   -2.132809    0.598710     0.600000    
84451    362.583175   -2.141645    0.595930     0.600000    
84601    363.291861   -2.150731    0.591270     0.600000    
84751    364.156496   -2.160498    0.591840     0.600000    
84901    364.893647   -2.169245    0.592800     0.600000    
85051    365.643555   -2.177368    0.593310     0.600000    
85201    366.386953   -2.185668    0.588530     0.600000    
85351    367.131373   -2.194409    0.587140     0.600000    
85501    367.861064   -2.202340    0.585590     0.600000    
85651    368.592528   -2.209112    0.585070     0.600000    
85801    369.322144   -2.217803    0.580060     0.600000    
85951    370.052517   -2.226128    0.579420     0.600000    
86101    370.781972   -2.234856    0.577160     0.600000    
86251    371.516111   -2.242207    0.574990     0.600000    
86401    372.252774   -2.248736    0.576440     0.600000    
86551    372.989367   -2.256609    0.578110     0.600000    
86701    373.785508   -2.264328    0.573270     0.600000    
86851    374.665230   -2.272466    0.576230     0.600000    
87001    375.505307   -2.279943    0.570620     0.600000    
87151    376.253710   -2.287580    0.572920     0.600000    
87301    377.003101   -2.295444    0.566880     0.600000    
87451    377.752233   -2.303995    0.565430     0.600000    
87601    378.501189   -2.312061    0.566340     0.600000    
87751    379.253073   -2.319505    0.564640     0.600000    
87901    380.001709   -2.326723    0.562230     0.600000    
88051    380.752965   -2.333329    0.561410     0.600000    
88201    381.504305   -2.339677    0.559500     0.600000    
88351    382.261117   -2.348055    0.559600     0.600000    
88501    383.013048   -2.355175    0.555580     0.600000    
88651    383.767411   -2.363276    0.556160     0.600000    
88801    384.523069   -2.370420    0.553690     0.600000    
88951    385.424034   -2.377576    0.551830     0.600000    
89101    386.206995   -2.384537    0.551280     0.600000    
89251    386.994996   -2.391183    0.546260     0.600000    
89401    387.836897   -2.398893    0.547850     0.600000    
89551    388.608191   -2.406730    0.543180     0.600000    
89701    389.378386   -2.413316    0.547110     0.600000    
89851    390.149780   -2.420688    0.542110     0.600000    
90001    390.994147   -2.428012    0.541150     0.600000    
90151    391.777207   -2.434493    0.537470     0.600000    
90301    392.546513   -2.440909    0.536330     0.600000    
90451    393.314056   -2.447516    0.536810     0.600000    
90601    394.082488   -2.454407    0.534410     0.600000    
90751    394.850627   -2.460908    0.534740     0.600000    
90901    395.656829   -2.466904    0.529870     0.600000    
91051    396.553056   -2.473015    0.529520     0.600000    
91201    397.327400   -2.478722    0.527130     0.600000    
91351    398.103815   -2.486389    0.527220     0.600000    
91501    398.878733   -2.492590    0.525510     0.600000    
91651    399.652440   -2.498618    0.524450     0.600000    
91801    400.426813   -2.505176    0.520690     0.600000    
91951    401.200134   -2.511709    0.518890     0.600000    
92000    401.452893   -2.513869    0.519750     0.600000    
92101    401.974496   -2.517704    0.518260     0.600000    
92251    402.778134   -2.524395    0.518280     0.600000    
92401    403.570048   -2.530469    0.515580     0.600000    
92551    404.347301   -2.536518    0.513650     0.600000    
92701    405.134894   -2.542678    0.514520     0.600000    
92851    405.985162   -2.549986    0.513400     0.600000    
93001    406.779971   -2.555948    0.508900     0.600000    
93151    407.559990   -2.561956    0.507830     0.600000    
93301    408.343643   -2.567746    0.509200     0.600000    
93451    409.122567   -2.574072    0.502630     0.600000    
93601    409.847206   -2.579239    0.741790     0.300000    
93751    410.552278   -2.584810    0.741480     0.300000    
93901    411.261844   -2.589991    0.737450     0.300000    
94051    411.968177   -2.596419    0.737980     0.300000    
94201    412.674979   -2.601901    0.739200     0.300000    
94351    413.385010   -2.607037    0.734950     0.300000    
94501    414.096805   -2.612375    0.733800     0.300000    
94651    414.805498   -2.618548    0.734670     0.300000    
94801    415.516881   -2.623558    0.736520     0.300000    
94951    416.379774   -2.628638    0.733980     0.300000    
95101    417.139141   -2.634517    0.729870     0.300000    
95251    417.852140   -2.640525    0.727820     0.300000    
95401    418.565170   -2.645959    0.726380     0.300000    
95551    419.292731   -2.652494    0.730410     0.300000    
95701    420.024440   -2.658647    0.728150     0.300000    
95851    420.752120   -2.663780    0.727620     0.300000    
96001    421.580288   -2.669287    0.724150     0.300000    
96151    422.309643   -2.674578    0.719940     0.300000    
96301    423.038964   -2.679305    0.723790     0.300000    
96451    423.768526   -2.684745    0.720050     0.300000    
96601    424.492410   -2.689410    0.720100     0.300000    
96751    425.215471   -2.694071    0.720860     0.300000    
96901    425.933923   -2.699074    0.716870     0.300000    
97051    426.691923   -2.703376    0.716800     0.300000    
97201    427.581525   -2.708419    0.714460     0.300000    
97351    428.301124   -2.713141    0.715020     0.300000    
97501    429.015291   -2.717841    0.715840     0.300000    
97651    429.734785   -2.722205    0.712700     0.300000    
97801    430.449568   -2.727114    0.707100     0.300000    
97951    431.166050   -2.731349    0.710540     0.300000    
98101    431.884120   -2.736207    0.713000     0.300000    
98251    432.597807   -2.740935    0.710350     0.300000    
98401    433.316856   -2.745476    0.710230     0.300000    
98551    434.031964   -2.749529    0.706230     0.300000    
98701    434.748832   -2.754195    0.707940     0.300000    
98851    435.466594   -2.758482    0.701970     0.300000    
99001    436.183038   -2.762866    0.701930     0.300000    
99151    436.986721   -2.767140    0.704520     0.300000    
99301    437.731080   -2.771313    0.701680     0.300000    
99451    438.455407   -2.776344    0.702160     0.300000    
99601    439.181554   -2.781036    0.699980     0.300000    
99751    439.908723   -2.784930    0.699860     0.300000    
99901    440.641196   -2.788500    0.697170     0.300000    
100051   441.377320   -2.793043    0.699280     0.300000    
100201   442.105511   -2.797309    0.695150     0.300000    
100351   442.830210   -2.801187    0.694540     0.300000    
100501   443.554004   -2.805183    0.689720     0.300000    
100651   444.277521   -2.809063    0.694800     0.300000    
100801   445.001970   -2.813711    0.690740     0.300000    
100951   445.727339   -2.817750    0.692350     0.300000    
101101   446.455831   -2.821825    0.689520     0.300000    
101251   447.464319   -2.825862    0.684270     0.300000    
101401   448.218064   -2.830205    0.685600     0.300000    
101551   448.950641   -2.833951    0.683110     0.300000    
101701   449.684286   -2.837600    0.684980     0.300000    
101851   450.416140   -2.841550    0.683060     0.300000    
102001   451.144834   -2.845395    0.681370     0.300000    
102151   451.873532   -2.849240    0.681200     0.300000    
102301   452.680435   -2.853649    0.680080     0.300000    
102451   453.453356   -2.857409    0.680000     0.300000    
102601   454.204112   -2.861148    0.680400     0.300000    
102751   454.958059   -2.864797    0.673160     0.300000    
102901   455.725250   -2.868540    0.677940     0.300000    
103051   456.499400   -2.872858    0.672900     0.300000    
103201   457.279017   -2.876230    0.669760     0.300000    
103351   458.173188   -2.879749    0.671940     0.300000    
103501   459.014436   -2.883425    0.666840     0.300000    
103651   459.758423   -2.886999    0.666380     0.300000    
103801   460.505520   -2.890305    0.667280     0.300000    
103951   461.250998   -2.893327    0.665560     0.300000    
104101   461.996458   -2.896779    0.663520     0.300000    
104251   462.770542   -2.900212    0.664520     0.300000    
104401   463.516879   -2.903496    0.663560     0.300000    
104551   464.256743   -2.906698    0.659340     0.300000    
104701   464.991346   -2.909649    0.661450     0.300000    
104851   465.724503   -2.912573    0.659280     0.300000    
105001   466.461054   -2.916022    0.657080     0.300000    
105151   467.193419   -2.919297    0.653610     0.300000    
105301   468.007073   -2.922566    0.656090     0.300000    
105451   468.760697   -2.925758    0.651500     0.300000    
105601   469.499668   -2.929454    0.649570     0.300000    
105751   470.239900   -2.932568    0.650660     0.300000    
105901   470.977319   -2.936352    0.649310     0.300000    
106051   471.721487   -2.939864    0.645860     0.300000    
106201   472.472302   -2.943244    0.645910     0.300000    
106351   473.216547   -2.946380    0.646640     0.300000    
106501   473.959074   -2.949238    0.644490     0.300000    
106651   474.699324   -2.952228    0.644000     0.300000    
106801   475.439876   -2.955612    0.642280     0.300000    
106951   476.178724   -2.958498    0.640770     0.300000    
107101   476.917342   -2.961209    0.640820     0.300000    
107251   477.677439   -2.963878    0.638880     0.300000    
107401   478.567103   -2.966581    0.638000     0.300000    
107551   479.313722   -2.969138    0.638020     0.300000    
107701   480.057515   -2.972040    0.635580     0.300000    
107851   480.824404   -2.974950    0.631400     0.300000    
108001   481.598667   -2.977661    0.626870     0.300000    
108151   482.354888   -2.980557    0.631620     0.300000    
108301   483.136661   -2.982998    0.629850     0.300000    
108451   483.995046   -2.985525    0.628540     0.300000    
108601   484.751054   -2.988411    0.628840     0.300000    
108751   485.506104   -2.991352    0.625090     0.300000    
108901   486.258267   -2.994204    0.623610     0.300000    
109051   487.009190   -2.997077    0.620470     0.300000    
109201   487.756789   -2.999776    0.622000     0.300000    
109351   488.514026   -3.002410    0.620350     0.300000    
109501   489.406181   -3.004995    0.616490     0.300000    
109651   490.168795   -3.007451    0.614820     0.300000    
109801   490.918848   -3.009666    0.618080     0.300000    
109951   491.665571   -3.012656    0.616600     0.300000    
110101   492.408719   -3.015365    0.615350     0.300000    
110251   493.154060   -3.018171    0.610900     0.300000    
110401   493.897719   -3.020888    0.610920     0.300000    
110551   494.640616   -3.023448    0.608490     0.300000    
110701   495.381610   -3.026135    0.608670     0.300000    
110851   496.124258   -3.028790    0.603730     0.300000    
111001   496.869194   -3.031333    0.598940     0.300000    
111151   497.612431   -3.033669    0.603740     0.300000    
111301   498.360943   -3.036090    0.601410     0.300000    
111451   499.204150   -3.039001    0.599570     0.300000    
111601   499.947674   -3.041070    0.597700     0.300000    
111751   500.693892   -3.043341    0.598450     0.300000    
111901   501.434460   -3.045511    0.596230     0.300000    
112051   502.189274   -3.047997    0.595190     0.300000    
112201   502.941592   -3.050312    0.592480     0.300000    
112351   503.692959   -3.052263    0.593230     0.300000    
112501   504.447857   -3.054621    0.590000     0.300000    
112651   505.205157   -3.057363    0.586170     0.300000    
112801   505.964744   -3.059613    0.585410     0.300000    
112951   506.726649   -3.061784    0.588040     0.300000    
113101   507.502415   -3.063858    0.582630     0.300000    
113251   508.259401   -3.066109    0.581040     0.300000    
113401   509.262437   -3.068254    0.579980     0.300000    
113551   510.085042   -3.069953    0.581090     0.300000    
113701   510.841881   -3.072366    0.578630     0.300000    
113851   511.596731   -3.074324    0.580420     0.300000    
114001   512.349999   -3.076348    0.575360     0.300000    
114151   513.099326   -3.078572    0.572130     0.300000    
114301   513.846628   -3.080816    0.571360     0.300000    
114451   514.661906   -3.082828    0.572220     0.300000    
114601   515.429380   -3.084928    0.568910     0.300000    
114751   516.180847   -3.087404    0.567940     0.300000    
114901   516.929137   -3.089451    0.564250     0.300000    
115051   517.677370   -3.091583    0.565540     0.300000    
115201   518.426109   -3.093846    0.562920     0.300000    
115351   519.172756   -3.095792    0.560250     0.300000    
115501   520.000253   -3.097852    0.558330     0.300000    
115651   520.821638   -3.099879    0.560260     0.300000    
115801   521.567008   -3.101985    0.556540     0.300000    
115951   522.316439   -3.103850    0.554430     0.300000    
116101   523.090996   -3.105913    0.553770     0.300000    
116251   523.841201   -3.107606    0.553100     0.300000    
116401   524.598546   -3.109561    0.548270     0.300000    
116551   525.358866   -3.111440    0.550490     0.300000    
116701   526.106080   -3.113250    0.546120     0.300000    
116851   526.855331   -3.115203    0.544270     0.300000    
117001   527.609260   -3.116926    0.542960     0.300000    
117151   528.358857   -3.118713    0.539890     0.300000    
117301   529.113924   -3.120288    0.541170     0.300000    
117451   529.926866   -3.121991    0.538750     0.300000    
117601   530.700878   -3.123723    0.540440     0.300000    
117751   531.455417   -3.125368    0.535220     0.300000    
117901   532.210058   -3.127182    0.535890     0.300000    
118051   532.958660   -3.128870    0.534150     0.300000    
118201   533.711069   -3.130679    0.529700     0.300000    
118351   534.462507   -3.132471    0.531820     0.300000    
118501   535.209914   -3.133988    0.528590     0.300000    
118651   535.952233   -3.135528    0.525690     0.300000    
118801   536.707665   -3.137029    0.524330     0.300000    
118951   537.553355   -3.138800    0.524080     0.300000    
119101   538.307374   -3.140551    0.520980     0.300000    
119251   539.061979   -3.142071    0.520110     0.300000    
119401   539.871174   -3.143688    0.519540     0.300000    
119551   540.728036   -3.145273    0.516720     0.300000    
119701   541.479850   -3.146909    0.516900     0.300000    
119851   542.232070   -3.148434    0.511670     0.300000    
120001   542.986537   -3.150005    0.511280     0.300000    
120151   543.732738   -3.151298    0.510560     0.300000    
120301   544.476305   -3.153058    0.506530     0.300000    
120451   545.219494   -3.154751    0.509820     0.300000    
120601   546.042341   -3.156552    0.743040     0.150000    
120751   546.714608   -3.158237    0.741230     0.150000    
120901   547.388929   -3.159685    0.743960     0.150000    
121051   548.063122   -3.160897    0.739970     0.150000    
121201   548.738128   -3.162268    0.739980     0.150000    
121351   549.418030   -3.164007    0.737460     0.150000    
121501   550.122307   -3.165720    0.740010     0.150000    
121651   550.880833   -3.167393    0.734060     0.150000    
121801   551.665270   -3.168900    0.735950     0.150000    
121951   552.356230   -3.170317    0.729420     0.150000    
122101   553.043097   -3.171887    0.731900     0.150000    
122251   553.723512   -3.173298    0.729810     0.150000    
122401   554.400028   -3.174478    0.731440     0.150000    
122551   555.076348   -3.175935    0.728640     0.150000    
122701   555.751560   -3.177418    0.724630     0.150000    
122851   556.432050   -3.178760    0.723820     0.150000    
123001   557.107933   -3.179952    0.725170     0.150000    
123151   557.787719   -3.181206    0.725300     0.150000    
123301   558.462653   -3.182628    0.724970     0.150000    
123451   559.141263   -3.183781    0.725490     0.150000    
123601   559.821894   -3.185171    0.720110     0.150000    
123751   560.500844   -3.186375    0.721230     0.150000    
123901   561.288663   -3.187726    0.721220     0.150000    
124051   561.967931   -3.188841    0.722500     0.150000    
124201   562.658785   -3.190317    0.719760     0.150000    
124351   563.338847   -3.191637    0.717540     0.150000    
124501   564.016916   -3.192869    0.712790     0.150000    
124651   564.693350   -3.194131    0.712170     0.150000    
124801   565.380361   -3.195429    0.712380     0.150000    
124951   566.065154   -3.196589    0.713520     0.150000    
125101   566.762354   -3.197670    0.711920     0.150000    
125251   567.571656   -3.198946    0.709590     0.150000    
125401   568.273474   -3.200171    0.708390     0.150000    
125551   568.963582   -3.201405    0.705960     0.150000    
125701   569.659025   -3.202581    0.707030     0.150000    
125851   570.366868   -3.203931    0.703440     0.150000    
126001   571.088502   -3.205159    0.706030     0.150000    
126151   571.955781   -3.206282    0.704790     0.150000    
126301   572.675889   -3.207382    0.701560     0.150000    
126451   573.368911   -3.208533    0.699010     0.150000    
126601   574.062678   -3.209589    0.701100     0.150000    
126751   574.752295   -3.210779    0.700690     0.150000    
126901   575.475249   -3.211863    0.697250     0.150000    
127051   576.163793   -3.213083    0.694570     0.150000    
127201   576.955112   -3.214184    0.695450     0.150000    
127351   577.643966   -3.215208    0.697180     0.150000    
127501   578.339086   -3.216179    0.692840     0.150000    
127651   579.026248   -3.217270    0.690950     0.150000    
127801   579.715287   -3.218294    0.688970     0.150000    
127951   580.402977   -3.219429    0.690440     0.150000    
128101   581.091269   -3.220333    0.687780     0.150000    
128251   581.830891   -3.221325    0.687830     0.150000    
128401   582.672217   -3.222326    0.687270     0.150000    
128551   583.365159   -3.223243    0.684440     0.150000    
128701   584.082978   -3.224343    0.684150     0.150000    
128851   584.772480   -3.225545    0.680580     0.150000    
129001   585.461323   -3.226532    0.680650     0.150000    
129151   586.154526   -3.227445    0.679890     0.150000    
129301   586.858346   -3.228371    0.682140     0.150000    
129451   587.544637   -3.229334    0.679970     0.150000    
129601   588.230888   -3.230368    0.676240     0.150000    
129751   588.914697   -3.231344    0.674710     0.150000    
129901   589.601134   -3.232289    0.674350     0.150000    
130051   590.288127   -3.233083    0.674060     0.150000    
130201   590.989734   -3.234062    0.673980     0.150000    
130351   591.721706   -3.235125    0.672480     0.150000    
130501   592.480212   -3.236227    0.669900     0.150000    
130651   593.176946   -3.237105    0.667430     0.150000    
130801   593.871959   -3.238009    0.668540     0.150000    
130951   594.568288   -3.238907    0.666560     0.150000    
131101   595.265664   -3.239739    0.664280     0.150000    
131251   595.959619   -3.240621    0.664330     0.150000    
131401   596.652774   -3.241527    0.662180     0.150000    
131551   597.343411   -3.242473    0.661200     0.150000    
131701   598.035217   -3.243344    0.662240     0.150000    
131851   598.727163   -3.244168    0.659680     0.150000    
132001   599.417119   -3.245113    0.655020     0.150000    
132151   600.106894   -3.245932    0.656460     0.150000    
132301   600.795363   -3.246716    0.653110     0.150000    
132451   601.485254   -3.247635    0.653920     0.150000    
132601   602.177015   -3.248451    0.653290     0.150000    
132751   602.944083   -3.249378    0.651550     0.150000    
132901   603.719729   -3.250124    0.647030     0.150000    
133051   604.415000   -3.251014    0.651720     0.150000    
133201   605.110735   -3.251812    0.647810     0.150000    
133351   605.805232   -3.252644    0.644960     0.150000    
133501   606.498674   -3.253473    0.645520     0.150000    
133651   607.196071   -3.254331    0.641280     0.150000    
133801   607.973605   -3.255137    0.642500     0.150000    
133951   608.673541   -3.255985    0.638070     0.150000    
134101   609.371580   -3.256653    0.638400     0.150000    
134251   610.070007   -3.257397    0.636660     0.150000    
134401   610.768053   -3.258126    0.638910     0.150000    
134551   611.466169   -3.258872    0.634690     0.150000    
134701   612.164214   -3.259634    0.634620     0.150000    
134851   612.861433   -3.260294    0.633540     0.150000    
135001   613.560814   -3.261036    0.630550     0.150000    
135151   614.406880   -3.261844    0.630840     0.150000    
135301   615.108715   -3.262626    0.626040     0.150000    
135451   615.809651   -3.263286    0.627170     0.150000    
135601   616.508386   -3.264035    0.627950     0.150000    
135751   617.207423   -3.264793    0.625670     0.150000    
135901   617.907209   -3.265504    0.624210     0.150000    
136051   618.606513   -3.266205    0.623140     0.150000    
136201   619.304859   -3.266847    0.618660     0.150000    
136351   620.002879   -3.267540    0.618100     0.150000    
136501   620.701838   -3.268174    0.616170     0.150000    
136651   621.400344   -3.268903    0.618130     0.150000    
136801   622.099685   -3.269486    0.612670     0.150000    
136951   622.862222   -3.270224    0.614810     0.150000    
137101   623.594986   -3.270863    0.612280     0.150000    
137251   624.346833   -3.271445    0.610510     0.150000    
137401   625.162029   -3.272046    0.607560     0.150000    
137551   625.863006   -3.272749    0.608790     0.150000    
137701   626.578806   -3.273321    0.605140     0.150000    
137851   627.297207   -3.273925    0.604610     0.150000    
138001   628.007391   -3.274485    0.602690     0.150000    
138151   628.815464   -3.275101    0.602670     0.150000    
138301   629.522469   -3.275674    0.599470     0.150000    
138451   630.248988   -3.276275    0.598640     0.150000    
138601   630.967532   -3.276938    0.596500     0.150000    
138751   631.684337   -3.277544    0.595740     0.150000    
138901   632.400382   -3.278131    0.592750     0.150000    
139051   633.112173   -3.278741    0.596980     0.150000    
139201   633.825220   -3.279354    0.592780     0.150000    
139351   634.553348   -3.279975    0.586850     0.150000    
139501   635.413867   -3.280679    0.586930     0.150000    
139651   636.130404   -3.281314    0.583480     0.150000    
139801   636.848225   -3.281896    0.587370     0.150000    
139951   637.559919   -3.282499    0.583780     0.150000    
140101   638.321234   -3.283041    0.583070     0.150000    
140251   639.071504   -3.283649    0.579670     0.150000    
140401   639.787193   -3.284196    0.578900     0.150000    
140551   640.501117   -3.284725    0.577340     0.150000    
140701   641.215467   -3.285323    0.577150     0.150000    
140851   641.929121   -3.285880    0.575250     0.150000    
141001   642.671916   -3.286381    0.574820     0.150000    
141151   643.391582   -3.286953    0.570610     0.150000    
141301   644.108623   -3.287462    0.571690     0.150000    
141451   644.823324   -3.287959    0.568240     0.150000    
141601   645.539904   -3.288493    0.566770     0.150000    
141751   646.429738   -3.289064    0.565040     0.150000    
141901   647.149134   -3.289671    0.562120     0.150000    
142051   647.869119   -3.290167    0.563670     0.150000    
142201   648.588906   -3.290663    0.559730     0.150000    
142351   649.309000   -3.291264    0.559850     0.150000    
142501   650.027455   -3.291734    0.558370     0.150000    
142651   650.745723   -3.292264    0.555810     0.150000    
142801   651.463424   -3.292772    0.553700     0.150000    
142951   652.181158   -3.293271    0.550480     0.150000    
143101   652.908318   -3.293749    0.551940     0.150000    
143251   653.648083   -3.294283    0.549850     0.150000    
143401   654.428360   -3.294793    0.549870     0.150000    
143551   655.153635   -3.295280    0.546930     0.150000    
143701   655.874803   -3.295691    0.546190     0.150000    
143851   656.676434   -3.296169    0.544500     0.150000    
144001   657.469830   -3.296639    0.543910     0.150000    
144151   658.189868   -3.297079    0.540770     0.150000    
144301   658.916189   -3.297536    0.536550     0.150000    
144451   659.639080   -3.298007    0.537220     0.150000    
144601   660.359885   -3.298513    0.535470     0.150000    
144751   661.080570   -3.298948    0.532720     0.150000    
144901   661.799735   -3.299404    0.531780     0.150000    
145051   662.518269   -3.299786    0.530440     0.150000    
145201   663.236138   -3.300234    0.525420     0.150000    
145351   663.953831   -3.300687    0.527640     0.150000    
145501   664.671419   -3.301153    0.524480     0.150000    
145651   665.388826   -3.301605    0.523000     0.150000    
145801   666.106965   -3.302019    0.520450     0.150000    
145951   666.888886   -3.302443    0.517490     0.150000    
146101   667.698055   -3.302804    0.521850     0.150000    
146251   668.413620   -3.303252    0.517420     0.150000    
146401   669.174412   -3.303640    0.514650     0.150000    
146551   669.937052   -3.304061    0.511200     0.150000    
146701   670.661563   -3.304478    0.511160     0.150000    
146851   671.384577   -3.304899    0.509390     0.150000    
147001   672.106532   -3.305271    0.508850     0.150000    
147151   672.827765   -3.305678    0.502590     0.150000    
147301   673.547479   -3.306054    0.503980     0.150000    
147451   674.255825   -3.306455    0.740100     0.075000    
147601   674.908721   -3.306877    0.739880     0.075000    
147751   675.561789   -3.307302    0.736220     0.075000    
147901   676.213538   -3.307735    0.736240     0.075000    
148051   676.866764   -3.308116    0.738260     0.075000    
148201   677.519365   -3.308505    0.733850     0.075000    
148351   678.324871   -3.308873    0.734190     0.075000    
148501   679.005731   -3.309217    0.733930     0.075000    
148651   679.665541   -3.309639    0.732160     0.075000    
148801   680.323548   -3.310041    0.736890     0.075000    
148951   680.982756   -3.310431    0.727670     0.075000    
149101   681.642717   -3.310776    0.728110     0.075000    
149251   682.299841   -3.311148    0.728900     0.075000    
149401   682.959178   -3.311495    0.728050     0.075000    
149551   683.616925   -3.311892    0.726550     0.075000    
149701   684.276532   -3.312286    0.726780     0.075000    
149851   685.025239   -3.312616    0.726770     0.075000    
150000   685.693355   -3.312959    0.722480     0.075000    
