# Energy vs Function Calls Data
# Columns: Step, Total_Energy_Calls, U_max
# Generated on: 2025-06-17 11:50:00
#
1        1            63.345482   
151      151          62.481949   
301      301          61.813831   
451      451          61.159618   
601      601          60.455875   
751      751          59.816917   
901      901          59.149536   
1051     1051         58.476540   
1201     1201         57.759964   
1351     1351         57.162655   
1501     1501         56.515743   
1651     1651         55.902557   
1801     1801         55.368176   
1951     1951         54.689545   
2101     2101         54.142647   
2251     2251         53.578697   
2401     2401         53.000389   
2551     2551         52.396950   
2701     2701         51.865067   
2851     2851         51.297329   
3001     3001         50.704498   
3151     3151         50.181004   
3301     3301         49.640472   
3451     3451         49.087883   
3601     3601         48.574116   
3751     3751         48.038750   
3901     3901         47.507690   
4051     4051         46.978214   
4201     4201         46.474991   
4351     4351         45.936790   
4501     4501         45.410629   
4651     4651         44.900009   
4801     4801         44.432327   
4951     4951         43.978275   
5101     5101         43.521130   
5251     5251         43.095406   
5401     5401         42.619411   
5551     5551         42.138805   
5701     5701         41.683498   
5851     5851         41.259060   
6001     6001         40.855209   
6151     6151         40.424343   
6301     6301         39.940784   
6451     6451         39.478394   
6601     6601         39.105556   
6751     6751         38.737183   
6901     6901         38.335770   
7051     7051         37.993164   
7201     7201         37.578743   
7351     7351         37.155266   
7501     7501         36.720848   
7651     7651         36.333061   
7801     7801         35.975388   
7951     7951         35.590027   
8101     8101         35.215450   
8251     8251         34.777874   
8401     8401         34.377499   
8551     8551         33.969620   
8701     8701         33.598999   
8851     8851         33.254776   
9001     9001         32.796970   
9151     9151         32.431328   
9301     9301         32.073334   
9451     9451         31.701994   
9601     9601         31.367039   
9751     9751         31.033876   
9901     9901         30.697649   
10051    10051        30.342667   
10201    10201        30.036512   
10351    10351        29.740108   
10501    10501        29.421860   
10651    10651        29.082739   
10801    10801        28.744652   
10951    10951        28.438839   
11101    11101        28.097437   
11251    11251        27.786604   
11401    11401        27.531395   
11551    11551        27.191637   
11701    11701        26.911411   
11851    11851        26.641937   
12001    12001        26.345203   
12151    12151        26.025690   
12301    12301        25.722820   
12451    12451        25.426102   
12601    12601        25.150101   
12751    12751        24.853428   
12901    12901        24.554266   
13051    13051        24.294611   
13201    13201        24.042160   
13351    13351        23.791864   
13501    13501        23.571510   
13651    13651        23.293842   
13801    13801        23.044092   
13951    13951        22.812977   
14101    14101        22.557636   
14251    14251        22.296391   
14401    14401        22.029613   
14551    14551        21.809284   
14701    14701        21.566845   
14851    14851        21.289440   
15000    15000        21.056999   
15001    15001        21.056316   
15151    15151        20.800182   
15301    15301        20.555944   
15451    15451        20.313452   
15601    15601        20.083950   
15751    15751        19.881939   
15901    15901        19.703327   
16051    16051        19.470032   
16201    16201        19.254726   
16351    16351        19.073280   
16501    16501        18.890522   
16651    16651        18.689732   
16801    16801        18.474474   
16951    16951        18.303139   
17101    17101        18.123341   
17251    17251        17.922709   
17401    17401        17.720440   
17551    17551        17.520136   
17701    17701        17.329279   
17851    17851        17.133553   
18001    18001        16.960894   
18151    18151        16.778770   
18301    18301        16.589476   
18451    18451        16.404884   
18601    18601        16.249666   
18751    18751        16.069403   
18901    18901        15.895271   
19051    19051        15.718526   
19201    19201        15.545778   
19351    19351        15.356567   
19501    19501        15.188087   
19651    19651        15.034658   
19801    19801        14.875645   
19951    19951        14.712276   
20000    20000        14.658691   
20101    20101        14.560544   
20251    20251        14.403588   
20401    20401        14.240849   
20551    20551        14.089522   
20701    20701        13.942059   
20851    20851        13.792843   
21001    21001        13.607806   
21151    21151        13.457352   
21301    21301        13.310949   
21451    21451        13.178327   
21601    21601        13.013818   
21751    21751        12.854030   
21901    21901        12.720554   
22051    22051        12.596254   
22201    22201        12.450090   
22351    22351        12.331189   
22501    22501        12.220224   
22651    22651        12.102718   
22801    22801        11.982103   
22951    22951        11.868624   
23101    23101        11.718832   
23251    23251        11.584898   
23401    23401        11.458417   
23551    23551        11.325175   
23701    23701        11.201815   
23851    23851        11.093040   
24001    24001        10.974946   
24151    24151        10.867323   
24301    24301        10.739522   
24451    24451        10.618613   
24601    24601        10.506481   
24751    24751        10.415011   
24901    24901        10.305449   
25051    25051        10.202764   
25201    25201        10.102745   
25351    25351        10.009142   
25501    25501        9.900511    
25651    25651        9.800298    
25801    25801        9.701080    
25951    25951        9.595159    
26000    26000        9.561455    
26101    26101        9.496052    
26251    26251        9.392198    
26401    26401        9.293562    
26551    26551        9.196722    
26701    26701        9.095693    
26851    26851        8.998373    
27001    27001        8.902109    
27151    27151        8.819108    
27301    27301        8.716572    
27451    27451        8.625412    
27601    27601        8.535381    
27751    27751        8.446477    
27901    27901        8.352942    
28051    28051        8.264718    
28201    28201        8.174911    
28351    28351        8.083258    
28501    28501        7.993865    
28651    28651        7.901854    
28801    28801        7.822412    
28951    28951        7.746235    
29101    29101        7.660980    
29251    29251        7.592790    
29401    29401        7.524586    
29551    29551        7.432488    
29701    29701        7.350388    
29851    29851        7.269424    
30001    30001        7.193560    
30151    30151        7.120924    
30301    30301        7.051283    
30451    30451        6.983023    
30601    30601        6.917855    
30751    30751        6.854415    
30901    30901        6.782500    
31051    31051        6.710111    
31201    31201        6.639144    
31351    31351        6.570435    
31501    31501        6.511453    
31651    31651        6.446445    
31801    31801        6.379353    
31951    31951        6.306342    
32101    32101        6.241588    
32251    32251        6.176661    
32401    32401        6.110526    
32551    32551        6.044800    
32701    32701        5.983641    
32851    32851        5.926210    
33000    33000        5.863751    
33001    33001        5.863444    
33151    33151        5.798838    
33301    33301        5.738161    
33451    33451        5.676912    
33601    33601        5.628137    
33751    33751        5.577084    
33901    33901        5.523987    
34051    34051        5.473080    
34201    34201        5.416257    
34351    34351        5.363676    
34501    34501        5.303703    
34651    34651        5.250742    
34801    34801        5.200493    
34951    34951        5.151389    
35101    35101        5.100484    
35251    35251        5.059271    
35401    35401        5.013339    
35551    35551        4.960543    
35701    35701        4.916521    
35851    35851        4.876427    
36001    36001        4.835446    
36151    36151        4.789293    
36301    36301        4.746840    
36451    36451        4.710578    
36601    36601        4.668993    
36751    36751        4.624236    
36901    36901        4.581736    
37051    37051        4.546608    
37201    37201        4.508842    
37351    37351        4.463304    
37501    37501        4.424296    
37651    37651        4.380650    
37801    37801        4.339799    
37951    37951        4.302030    
38101    38101        4.267778    
38251    38251        4.233469    
38401    38401        4.197675    
38551    38551        4.161848    
38701    38701        4.128531    
38851    38851        4.095896    
39001    39001        4.064261    
39151    39151        4.027946    
39301    39301        3.998132    
39451    39451        3.966232    
39601    39601        3.932904    
39751    39751        3.902395    
39901    39901        3.872164    
40051    40051        3.845413    
40201    40201        3.816155    
40351    40351        3.786487    
40501    40501        3.756811    
40651    40651        3.728071    
40801    40801        3.702254    
40951    40951        3.673729    
41101    41101        3.649567    
41251    41251        3.621414    
41401    41401        3.594123    
41551    41551        3.565576    
41701    41701        3.538983    
41851    41851        3.515315    
42001    42001        3.490789    
42151    42151        3.468392    
42301    42301        3.446441    
42451    42451        3.426688    
42601    42601        3.404352    
42751    42751        3.382092    
42901    42901        3.360425    
43051    43051        3.342900    
43201    43201        3.324728    
43351    43351        3.305408    
43501    43501        3.287932    
43651    43651        3.268537    
43801    43801        3.253799    
43951    43951        3.241246    
44101    44101        3.227051    
44251    44251        3.211946    
44401    44401        3.200323    
44551    44551        3.188620    
44701    44701        3.173615    
44851    44851        3.160147    
45001    45001        3.144207    
45151    45151        3.130795    
45301    45301        3.113245    
45451    45451        3.097520    
45601    45601        3.082136    
45751    45751        3.067029    
45901    45901        3.051296    
46051    46051        3.035274    
46201    46201        3.018596    
46351    46351        3.004434    
46501    46501        2.987195    
46651    46651        2.970541    
46801    46801        2.951710    
46951    46951        2.935752    
47101    47101        2.919423    
47251    47251        2.901596    
47401    47401        2.884016    
47551    47551        2.866151    
47701    47701        2.848721    
47851    47851        2.827634    
48001    48001        2.811781    
48151    48151        2.794385    
48301    48301        2.779636    
48451    48451        2.760502    
48601    48601        2.741227    
48751    48751        2.724904    
48901    48901        2.707302    
49051    49051        2.690263    
49201    49201        2.674176    
49351    49351        2.656714    
49501    49501        2.642616    
49651    49651        2.625097    
49801    49801        2.607935    
49951    49951        2.591512    
50101    50101        2.556351    
50251    50251        2.521397    
50401    50401        2.487353    
50551    50551        2.454287    
50701    50701        2.419020    
50851    50851        2.384409    
51000    51000        2.352723    
51001    51001        2.352463    
51151    51151        2.317685    
51301    51301        2.280757    
51451    51451        2.246484    
51601    51601        2.210291    
51751    51751        2.176218    
51901    51901        2.143188    
52051    52051        2.113009    
52201    52201        2.077158    
52351    52351        2.041299    
52501    52501        2.007181    
52651    52651        1.977523    
52801    52801        1.945117    
52951    52951        1.912935    
53101    53101        1.881238    
53251    53251        1.847200    
53401    53401        1.813892    
53551    53551        1.779946    
53701    53701        1.744480    
53851    53851        1.712609    
54001    54001        1.678700    
54151    54151        1.647357    
54301    54301        1.614726    
54451    54451        1.580497    
54601    54601        1.550085    
54751    54751        1.520481    
54901    54901        1.486162    
55051    55051        1.455098    
55201    55201        1.425122    
55351    55351        1.395810    
55501    55501        1.366831    
55651    55651        1.340466    
55801    55801        1.314970    
55951    55951        1.283459    
56101    56101        1.256334    
56251    56251        1.226723    
56401    56401        1.196006    
56551    56551        1.164991    
56701    56701        1.139697    
56851    56851        1.112414    
57001    57001        1.082201    
57151    57151        1.054267    
57301    57301        1.029846    
57451    57451        1.000034    
57601    57601        0.972304    
57751    57751        0.945250    
57901    57901        0.911280    
58051    58051        0.881138    
58201    58201        0.851593    
58351    58351        0.823898    
58501    58501        0.793942    
58651    58651        0.767213    
58801    58801        0.743135    
58951    58951        0.713702    
59101    59101        0.686732    
59251    59251        0.659719    
59401    59401        0.633760    
59551    59551        0.607509    
59701    59701        0.583209    
59851    59851        0.554624    
60000    60000        0.530349    
60001    60001        0.530037    
60151    60151        0.503536    
60301    60301        0.478737    
60451    60451        0.451226    
60601    60601        0.425022    
60751    60751        0.396147    
60901    60901        0.368671    
61051    61051        0.340735    
61201    61201        0.309737    
61351    61351        0.286383    
61501    61501        0.262039    
61651    61651        0.235964    
61801    61801        0.211009    
61951    61951        0.181780    
62101    62101        0.157537    
62251    62251        0.135459    
62401    62401        0.111412    
62551    62551        0.087078    
62701    62701        0.063712    
62851    62851        0.040637    
63001    63001        0.015254    
63151    63151        -0.007887   
63301    63301        -0.032070   
63451    63451        -0.053288   
63601    63601        -0.076392   
63751    63751        -0.101466   
63901    63901        -0.125382   
64051    64051        -0.147151   
64201    64201        -0.170116   
64351    64351        -0.192127   
64501    64501        -0.214196   
64651    64651        -0.235777   
64801    64801        -0.261787   
64951    64951        -0.282840   
65101    65101        -0.302344   
65251    65251        -0.321775   
65401    65401        -0.340424   
65551    65551        -0.362163   
65701    65701        -0.380154   
65851    65851        -0.401102   
66001    66001        -0.421460   
66151    66151        -0.441947   
66301    66301        -0.463256   
66451    66451        -0.485234   
66601    66601        -0.505336   
66751    66751        -0.526712   
66901    66901        -0.545465   
67051    67051        -0.567009   
67201    67201        -0.585012   
67351    67351        -0.604228   
67501    67501        -0.624816   
67651    67651        -0.644031   
67801    67801        -0.665354   
67951    67951        -0.684218   
68101    68101        -0.702581   
68251    68251        -0.722442   
68401    68401        -0.739268   
68551    68551        -0.756850   
68701    68701        -0.776560   
68851    68851        -0.796535   
69001    69001        -0.814760   
69151    69151        -0.832666   
69301    69301        -0.848916   
69451    69451        -0.868342   
69601    69601        -0.883963   
69751    69751        -0.901058   
69901    69901        -0.917564   
70000    70000        -0.928546   
70051    70051        -0.934332   
70201    70201        -0.952585   
70351    70351        -0.968049   
70501    70501        -0.987133   
70651    70651        -1.003633   
70801    70801        -1.020976   
70951    70951        -1.038958   
71101    71101        -1.055331   
71251    71251        -1.070641   
71401    71401        -1.086559   
71551    71551        -1.101882   
71701    71701        -1.118191   
71851    71851        -1.136055   
72001    72001        -1.153342   
72151    72151        -1.169232   
72301    72301        -1.183550   
72451    72451        -1.200652   
72601    72601        -1.218721   
72751    72751        -1.234746   
72901    72901        -1.250831   
73051    73051        -1.266041   
73201    73201        -1.282434   
73351    73351        -1.296010   
73501    73501        -1.309352   
73651    73651        -1.325106   
73801    73801        -1.339708   
73951    73951        -1.353314   
74101    74101        -1.367334   
74251    74251        -1.379897   
74401    74401        -1.392980   
74551    74551        -1.407293   
74701    74701        -1.421556   
74851    74851        -1.433849   
75001    75001        -1.446818   
75151    75151        -1.462132   
75301    75301        -1.474865   
75451    75451        -1.487968   
75601    75601        -1.503812   
75751    75751        -1.515957   
75901    75901        -1.528559   
76051    76051        -1.544631   
76201    76201        -1.556761   
76351    76351        -1.570620   
76501    76501        -1.582961   
76651    76651        -1.595023   
76801    76801        -1.606547   
76951    76951        -1.618353   
77101    77101        -1.632241   
77251    77251        -1.642182   
77401    77401        -1.656793   
77551    77551        -1.667831   
77701    77701        -1.681464   
77851    77851        -1.692161   
78001    78001        -1.703064   
78151    78151        -1.714535   
78301    78301        -1.726976   
78451    78451        -1.739825   
78601    78601        -1.752609   
78751    78751        -1.764972   
78901    78901        -1.775580   
79051    79051        -1.786801   
79201    79201        -1.796706   
79351    79351        -1.807777   
79501    79501        -1.818726   
79651    79651        -1.829198   
79801    79801        -1.838791   
79951    79951        -1.850175   
80101    80101        -1.861047   
80251    80251        -1.872205   
80401    80401        -1.882848   
80551    80551        -1.891981   
80701    80701        -1.903599   
80851    80851        -1.913282   
81000    81000        -1.924047   
81001    81001        -1.924094   
81151    81151        -1.933802   
81301    81301        -1.943118   
81451    81451        -1.952319   
81601    81601        -1.962856   
81751    81751        -1.971113   
81901    81901        -1.981364   
82051    82051        -1.990520   
82201    82201        -2.001436   
82351    82351        -2.010717   
82501    82501        -2.021739   
82651    82651        -2.031729   
82801    82801        -2.040810   
82951    82951        -2.050194   
83101    83101        -2.060196   
83251    83251        -2.069621   
83401    83401        -2.077346   
83551    83551        -2.087154   
83701    83701        -2.097061   
83851    83851        -2.105901   
84001    84001        -2.114934   
84151    84151        -2.123802   
84301    84301        -2.132809   
84451    84451        -2.141645   
84601    84601        -2.150731   
84751    84751        -2.160498   
84901    84901        -2.169245   
85051    85051        -2.177368   
85201    85201        -2.185668   
85351    85351        -2.194409   
85501    85501        -2.202340   
85651    85651        -2.209112   
85801    85801        -2.217803   
85951    85951        -2.226128   
86101    86101        -2.234856   
86251    86251        -2.242207   
86401    86401        -2.248736   
86551    86551        -2.256609   
86701    86701        -2.264328   
86851    86851        -2.272466   
87001    87001        -2.279943   
87151    87151        -2.287580   
87301    87301        -2.295444   
87451    87451        -2.303995   
87601    87601        -2.312061   
87751    87751        -2.319505   
87901    87901        -2.326723   
88051    88051        -2.333329   
88201    88201        -2.339677   
88351    88351        -2.348055   
88501    88501        -2.355175   
88651    88651        -2.363276   
88801    88801        -2.370420   
88951    88951        -2.377576   
89101    89101        -2.384537   
89251    89251        -2.391183   
89401    89401        -2.398893   
89551    89551        -2.406730   
89701    89701        -2.413316   
89851    89851        -2.420688   
90001    90001        -2.428012   
90151    90151        -2.434493   
90301    90301        -2.440909   
90451    90451        -2.447516   
90601    90601        -2.454407   
90751    90751        -2.460908   
90901    90901        -2.466904   
91051    91051        -2.473015   
91201    91201        -2.478722   
91351    91351        -2.486389   
91501    91501        -2.492590   
91651    91651        -2.498618   
91801    91801        -2.505176   
91951    91951        -2.511709   
92000    92000        -2.513869   
92101    92101        -2.517704   
92251    92251        -2.524395   
92401    92401        -2.530469   
92551    92551        -2.536518   
92701    92701        -2.542678   
92851    92851        -2.549986   
93001    93001        -2.555948   
93151    93151        -2.561956   
93301    93301        -2.567746   
93451    93451        -2.574072   
93601    93601        -2.579239   
93751    93751        -2.584810   
93901    93901        -2.589991   
94051    94051        -2.596419   
94201    94201        -2.601901   
94351    94351        -2.607037   
94501    94501        -2.612375   
94651    94651        -2.618548   
94801    94801        -2.623558   
94951    94951        -2.628638   
95101    95101        -2.634517   
95251    95251        -2.640525   
95401    95401        -2.645959   
95551    95551        -2.652494   
95701    95701        -2.658647   
95851    95851        -2.663780   
96001    96001        -2.669287   
96151    96151        -2.674578   
96301    96301        -2.679305   
96451    96451        -2.684745   
96601    96601        -2.689410   
96751    96751        -2.694071   
96901    96901        -2.699074   
97051    97051        -2.703376   
97201    97201        -2.708419   
97351    97351        -2.713141   
97501    97501        -2.717841   
97651    97651        -2.722205   
97801    97801        -2.727114   
97951    97951        -2.731349   
98101    98101        -2.736207   
98251    98251        -2.740935   
98401    98401        -2.745476   
98551    98551        -2.749529   
98701    98701        -2.754195   
98851    98851        -2.758482   
99001    99001        -2.762866   
99151    99151        -2.767140   
99301    99301        -2.771313   
99451    99451        -2.776344   
99601    99601        -2.781036   
99751    99751        -2.784930   
99901    99901        -2.788500   
100051   100051       -2.793043   
100201   100201       -2.797309   
100351   100351       -2.801187   
100501   100501       -2.805183   
100651   100651       -2.809063   
100801   100801       -2.813711   
100951   100951       -2.817750   
101101   101101       -2.821825   
101251   101251       -2.825862   
101401   101401       -2.830205   
101551   101551       -2.833951   
101701   101701       -2.837600   
101851   101851       -2.841550   
102001   102001       -2.845395   
102151   102151       -2.849240   
102301   102301       -2.853649   
102451   102451       -2.857409   
102601   102601       -2.861148   
102751   102751       -2.864797   
102901   102901       -2.868540   
103051   103051       -2.872858   
103201   103201       -2.876230   
103351   103351       -2.879749   
103501   103501       -2.883425   
103651   103651       -2.886999   
103801   103801       -2.890305   
103951   103951       -2.893327   
104101   104101       -2.896779   
104251   104251       -2.900212   
104401   104401       -2.903496   
104551   104551       -2.906698   
104701   104701       -2.909649   
104851   104851       -2.912573   
105001   105001       -2.916022   
105151   105151       -2.919297   
105301   105301       -2.922566   
105451   105451       -2.925758   
105601   105601       -2.929454   
105751   105751       -2.932568   
105901   105901       -2.936352   
106051   106051       -2.939864   
106201   106201       -2.943244   
106351   106351       -2.946380   
106501   106501       -2.949238   
106651   106651       -2.952228   
106801   106801       -2.955612   
106951   106951       -2.958498   
107101   107101       -2.961209   
107251   107251       -2.963878   
107401   107401       -2.966581   
107551   107551       -2.969138   
107701   107701       -2.972040   
107851   107851       -2.974950   
108001   108001       -2.977661   
108151   108151       -2.980557   
108301   108301       -2.982998   
108451   108451       -2.985525   
108601   108601       -2.988411   
108751   108751       -2.991352   
108901   108901       -2.994204   
109051   109051       -2.997077   
109201   109201       -2.999776   
109351   109351       -3.002410   
109501   109501       -3.004995   
109651   109651       -3.007451   
109801   109801       -3.009666   
109951   109951       -3.012656   
110101   110101       -3.015365   
110251   110251       -3.018171   
110401   110401       -3.020888   
110551   110551       -3.023448   
110701   110701       -3.026135   
110851   110851       -3.028790   
111001   111001       -3.031333   
111151   111151       -3.033669   
111301   111301       -3.036090   
111451   111451       -3.039001   
111601   111601       -3.041070   
111751   111751       -3.043341   
111901   111901       -3.045511   
112051   112051       -3.047997   
112201   112201       -3.050312   
112351   112351       -3.052263   
112501   112501       -3.054621   
112651   112651       -3.057363   
112801   112801       -3.059613   
112951   112951       -3.061784   
113101   113101       -3.063858   
113251   113251       -3.066109   
113401   113401       -3.068254   
113551   113551       -3.069953   
113701   113701       -3.072366   
113851   113851       -3.074324   
114001   114001       -3.076348   
114151   114151       -3.078572   
114301   114301       -3.080816   
114451   114451       -3.082828   
114601   114601       -3.084928   
114751   114751       -3.087404   
114901   114901       -3.089451   
115051   115051       -3.091583   
115201   115201       -3.093846   
115351   115351       -3.095792   
115501   115501       -3.097852   
115651   115651       -3.099879   
115801   115801       -3.101985   
115951   115951       -3.103850   
116101   116101       -3.105913   
116251   116251       -3.107606   
116401   116401       -3.109561   
116551   116551       -3.111440   
116701   116701       -3.113250   
116851   116851       -3.115203   
117001   117001       -3.116926   
117151   117151       -3.118713   
117301   117301       -3.120288   
117451   117451       -3.121991   
117601   117601       -3.123723   
117751   117751       -3.125368   
117901   117901       -3.127182   
118051   118051       -3.128870   
118201   118201       -3.130679   
118351   118351       -3.132471   
118501   118501       -3.133988   
118651   118651       -3.135528   
118801   118801       -3.137029   
118951   118951       -3.138800   
119101   119101       -3.140551   
119251   119251       -3.142071   
119401   119401       -3.143688   
119551   119551       -3.145273   
119701   119701       -3.146909   
119851   119851       -3.148434   
120001   120001       -3.150005   
120151   120151       -3.151298   
120301   120301       -3.153058   
120451   120451       -3.154751   
120601   120601       -3.156552   
120751   120751       -3.158237   
120901   120901       -3.159685   
121051   121051       -3.160897   
121201   121201       -3.162268   
121351   121351       -3.164007   
121501   121501       -3.165720   
121651   121651       -3.167393   
121801   121801       -3.168900   
121951   121951       -3.170317   
122101   122101       -3.171887   
122251   122251       -3.173298   
122401   122401       -3.174478   
122551   122551       -3.175935   
122701   122701       -3.177418   
122851   122851       -3.178760   
123001   123001       -3.179952   
123151   123151       -3.181206   
123301   123301       -3.182628   
123451   123451       -3.183781   
123601   123601       -3.185171   
123751   123751       -3.186375   
123901   123901       -3.187726   
124051   124051       -3.188841   
124201   124201       -3.190317   
124351   124351       -3.191637   
124501   124501       -3.192869   
124651   124651       -3.194131   
124801   124801       -3.195429   
124951   124951       -3.196589   
125101   125101       -3.197670   
125251   125251       -3.198946   
125401   125401       -3.200171   
125551   125551       -3.201405   
125701   125701       -3.202581   
125851   125851       -3.203931   
126001   126001       -3.205159   
126151   126151       -3.206282   
126301   126301       -3.207382   
126451   126451       -3.208533   
126601   126601       -3.209589   
126751   126751       -3.210779   
126901   126901       -3.211863   
127051   127051       -3.213083   
127201   127201       -3.214184   
127351   127351       -3.215208   
127501   127501       -3.216179   
127651   127651       -3.217270   
127801   127801       -3.218294   
127951   127951       -3.219429   
128101   128101       -3.220333   
128251   128251       -3.221325   
128401   128401       -3.222326   
128551   128551       -3.223243   
128701   128701       -3.224343   
128851   128851       -3.225545   
129001   129001       -3.226532   
129151   129151       -3.227445   
129301   129301       -3.228371   
129451   129451       -3.229334   
129601   129601       -3.230368   
129751   129751       -3.231344   
129901   129901       -3.232289   
130051   130051       -3.233083   
130201   130201       -3.234062   
130351   130351       -3.235125   
130501   130501       -3.236227   
130651   130651       -3.237105   
130801   130801       -3.238009   
130951   130951       -3.238907   
131101   131101       -3.239739   
131251   131251       -3.240621   
131401   131401       -3.241527   
131551   131551       -3.242473   
131701   131701       -3.243344   
131851   131851       -3.244168   
132001   132001       -3.245113   
132151   132151       -3.245932   
132301   132301       -3.246716   
132451   132451       -3.247635   
132601   132601       -3.248451   
132751   132751       -3.249378   
132901   132901       -3.250124   
133051   133051       -3.251014   
133201   133201       -3.251812   
133351   133351       -3.252644   
133501   133501       -3.253473   
133651   133651       -3.254331   
133801   133801       -3.255137   
133951   133951       -3.255985   
134101   134101       -3.256653   
134251   134251       -3.257397   
134401   134401       -3.258126   
134551   134551       -3.258872   
134701   134701       -3.259634   
134851   134851       -3.260294   
135001   135001       -3.261036   
135151   135151       -3.261844   
135301   135301       -3.262626   
135451   135451       -3.263286   
135601   135601       -3.264035   
135751   135751       -3.264793   
135901   135901       -3.265504   
136051   136051       -3.266205   
136201   136201       -3.266847   
136351   136351       -3.267540   
136501   136501       -3.268174   
136651   136651       -3.268903   
136801   136801       -3.269486   
136951   136951       -3.270224   
137101   137101       -3.270863   
137251   137251       -3.271445   
137401   137401       -3.272046   
137551   137551       -3.272749   
137701   137701       -3.273321   
137851   137851       -3.273925   
138001   138001       -3.274485   
138151   138151       -3.275101   
138301   138301       -3.275674   
138451   138451       -3.276275   
138601   138601       -3.276938   
138751   138751       -3.277544   
138901   138901       -3.278131   
139051   139051       -3.278741   
139201   139201       -3.279354   
139351   139351       -3.279975   
139501   139501       -3.280679   
139651   139651       -3.281314   
139801   139801       -3.281896   
139951   139951       -3.282499   
140101   140101       -3.283041   
140251   140251       -3.283649   
140401   140401       -3.284196   
140551   140551       -3.284725   
140701   140701       -3.285323   
140851   140851       -3.285880   
141001   141001       -3.286381   
141151   141151       -3.286953   
141301   141301       -3.287462   
141451   141451       -3.287959   
141601   141601       -3.288493   
141751   141751       -3.289064   
141901   141901       -3.289671   
142051   142051       -3.290167   
142201   142201       -3.290663   
142351   142351       -3.291264   
142501   142501       -3.291734   
142651   142651       -3.292264   
142801   142801       -3.292772   
142951   142951       -3.293271   
143101   143101       -3.293749   
143251   143251       -3.294283   
143401   143401       -3.294793   
143551   143551       -3.295280   
143701   143701       -3.295691   
143851   143851       -3.296169   
144001   144001       -3.296639   
144151   144151       -3.297079   
144301   144301       -3.297536   
144451   144451       -3.298007   
144601   144601       -3.298513   
144751   144751       -3.298948   
144901   144901       -3.299404   
145051   145051       -3.299786   
145201   145201       -3.300234   
145351   145351       -3.300687   
145501   145501       -3.301153   
145651   145651       -3.301605   
145801   145801       -3.302019   
145951   145951       -3.302443   
146101   146101       -3.302804   
146251   146251       -3.303252   
146401   146401       -3.303640   
146551   146551       -3.304061   
146701   146701       -3.304478   
146851   146851       -3.304899   
147001   147001       -3.305271   
147151   147151       -3.305678   
147301   147301       -3.306054   
147451   147451       -3.306455   
147601   147601       -3.306877   
147751   147751       -3.307302   
147901   147901       -3.307735   
148051   148051       -3.308116   
148201   148201       -3.308505   
148351   148351       -3.308873   
148501   148501       -3.309217   
148651   148651       -3.309639   
148801   148801       -3.310041   
148951   148951       -3.310431   
149101   149101       -3.310776   
149251   149251       -3.311148   
149401   149401       -3.311495   
149551   149551       -3.311892   
149701   149701       -3.312286   
149851   149851       -3.312616   
150000   150000       -3.312959   
