# Energy vs Function Calls Data
# Columns: Step, Total_Energy_Calls, U_max
# Generated on: 2025-06-13 12:21:48
# n_live_points: 20000
# n_correl_steps: 5
#
1        120000       63.824646   
76       7620000      63.418465   
151      15120000     63.089806   
226      22620000     62.766579   
301      30120000     62.418449   
376      37620000     62.019676   
451      45120000     61.678413   
526      52620000     61.325500   
601      60120000     61.104019   
676      67620000     60.778595   
751      75120000     60.488701   
826      82620000     60.183872   
901      90120000     59.893906   
976      97620000     59.535210   
1051     105120000    59.247810   
1126     112620000    58.916107   
1201     120120000    58.578590   
1276     127620000    58.221573   
1351     135120000    57.923939   
1426     142620000    57.649101   
1501     150120000    57.387115   
1576     157620000    57.109787   
1651     165120000    56.789612   
1726     172620000    56.521240   
1801     180120000    56.170593   
1876     187620000    55.913841   
1951     195120000    55.601799   
2026     202620000    55.320549   
2101     210120000    55.010071   
2176     217620000    54.711731   
2251     225120000    54.388855   
2326     232620000    54.080898   
2401     240120000    53.833042   
2476     247620000    53.556335   
2551     255120000    53.245506   
2626     262620000    52.912430   
2701     270120000    52.614086   
2776     277620000    52.312737   
2851     285120000    52.040039   
2926     292620000    51.807243   
3001     300120000    51.528275   
3076     307620000    51.236473   
3151     315120000    50.951488   
3226     322620000    50.672333   
3301     330120000    50.363655   
3376     337620000    50.055786   
3451     345120000    49.807945   
3526     352620000    49.547325   
3601     360120000    49.233307   
3676     367620000    48.960236   
3751     375120000    48.740601   
3826     382620000    48.452042   
3901     390120000    48.198544   
3976     397620000    47.923225   
4051     405120000    47.645111   
4126     412620000    47.453121   
4201     420120000    47.175148   
4276     427620000    46.858589   
4351     435120000    46.603584   
4426     442620000    46.392387   
4501     450120000    46.172527   
4576     457620000    45.961845   
4651     465120000    45.737637   
4726     472620000    45.475311   
4801     480120000    45.248447   
4876     487620000    45.022575   
4951     495120000    44.814251   
5026     502620000    44.478821   
5101     510120000    44.242702   
5176     517620000    44.034740   
5251     525120000    43.823875   
5326     532620000    43.553329   
5401     540120000    43.342674   
5476     547620000    43.112957   
5551     555120000    42.866894   
5626     562620000    42.667385   
5701     570120000    42.478188   
5776     577620000    42.261082   
5851     585120000    42.011070   
5926     592620000    41.755093   
6001     600120000    41.500217   
6076     607620000    41.315117   
6151     615120000    41.101646   
6226     622620000    40.834702   
6301     630120000    40.595917   
6376     637620000    40.409302   
6451     645120000    40.202667   
6526     652620000    39.909218   
6601     660120000    39.691952   
6676     667620000    39.496948   
6751     675120000    39.292442   
6826     682620000    39.111240   
6901     690120000    38.888702   
6976     697620000    38.677315   
7051     705120000    38.448933   
7126     712620000    38.258728   
7201     720120000    38.069405   
7276     727620000    37.856579   
7351     735120000    37.653263   
7426     742620000    37.412785   
7501     750120000    37.182251   
7576     757620000    36.977432   
7651     765120000    36.739204   
7726     772620000    36.531681   
7801     780120000    36.325306   
7876     787620000    36.125614   
7951     795120000    35.908794   
8026     802620000    35.706993   
8101     810120000    35.523396   
8176     817620000    35.333889   
8251     825120000    35.171894   
8326     832620000    34.972153   
8401     840120000    34.785049   
8476     847620000    34.600491   
8551     855120000    34.428020   
8626     862620000    34.285530   
8701     870120000    34.101204   
8776     877620000    33.925880   
8851     885120000    33.765961   
8926     892620000    33.592075   
9001     900120000    33.394176   
9076     907620000    33.205002   
9151     915120000    33.025200   
9226     922620000    32.842903   
9301     930120000    32.635696   
9376     937620000    32.452583   
9451     945120000    32.282639   
9526     952620000    32.113968   
9601     960120000    31.983341   
9676     967620000    31.808777   
9751     975120000    31.637375   
9826     982620000    31.466690   
9901     990120000    31.284630   
9976     997620000    31.138691   
10051    1005120000   30.916122   
10126    1012620000   30.760906   
10201    1020120000   30.599266   
10276    1027620000   30.458031   
10351    1035120000   30.288649   
10426    1042620000   30.090816   
10501    1050120000   29.933495   
10576    1057620000   29.750111   
10651    1065120000   29.583794   
10726    1072620000   29.454647   
10801    1080120000   29.308990   
10876    1087620000   29.153463   
10951    1095120000   28.990044   
11026    1102620000   28.848066   
11101    1110120000   28.661230   
11176    1117620000   28.528833   
11251    1125120000   28.379948   
11326    1132620000   28.208324   
11401    1140120000   28.038317   
11476    1147620000   27.927780   
11551    1155120000   27.768497   
11626    1162620000   27.609844   
11701    1170120000   27.485378   
11776    1177620000   27.350538   
11851    1185120000   27.218761   
11926    1192620000   27.085665   
12001    1200120000   26.942841   
12076    1207620000   26.812138   
12151    1215120000   26.681723   
12226    1222620000   26.536488   
12301    1230120000   26.391422   
12376    1237620000   26.257858   
12451    1245120000   26.112514   
12526    1252620000   25.947769   
12601    1260120000   25.795544   
12676    1267620000   25.659159   
12751    1275120000   25.508575   
12826    1282620000   25.376564   
12901    1290120000   25.255039   
12976    1297620000   25.124596   
13051    1305120000   24.990555   
13126    1312620000   24.844494   
13201    1320120000   24.713287   
13276    1327620000   24.571217   
13351    1335120000   24.417183   
13426    1342620000   24.244577   
13501    1350120000   24.107100   
13576    1357620000   23.979542   
13651    1365120000   23.877190   
13726    1372620000   23.750858   
13801    1380120000   23.626684   
13876    1387620000   23.502773   
13951    1395120000   23.380024   
14026    1402620000   23.244839   
14101    1410120000   23.107796   
14176    1417620000   22.956882   
14251    1425120000   22.844852   
14326    1432620000   22.723120   
14401    1440120000   22.594997   
14476    1447620000   22.453577   
14551    1455120000   22.328072   
14626    1462620000   22.187410   
14701    1470120000   22.058886   
14776    1477620000   21.928246   
14851    1485120000   21.816658   
14926    1492620000   21.688622   
15000    1500020000   21.583460   
15001    1500120000   21.582901   
15076    1507620000   21.437180   
15151    1515120000   21.337641   
15226    1522620000   21.224152   
15301    1530120000   21.109913   
15376    1537620000   21.002016   
15451    1545120000   20.894217   
15526    1552620000   20.792440   
15601    1560120000   20.680490   
15676    1567620000   20.553905   
15751    1575120000   20.456684   
15826    1582620000   20.353146   
15901    1590120000   20.247593   
15976    1597620000   20.137228   
16051    1605120000   20.014027   
16126    1612620000   19.913952   
16201    1620120000   19.813742   
16276    1627620000   19.719206   
16351    1635120000   19.611742   
16426    1642620000   19.508768   
16501    1650120000   19.407019   
16576    1657620000   19.322231   
16651    1665120000   19.239738   
16726    1672620000   19.146238   
16801    1680120000   19.033087   
16876    1687620000   18.940474   
16951    1695120000   18.831192   
17026    1702620000   18.726910   
17101    1710120000   18.623093   
17176    1717620000   18.521999   
17251    1725120000   18.410782   
17326    1732620000   18.329643   
17401    1740120000   18.229115   
17476    1747620000   18.110100   
17551    1755120000   17.991997   
17626    1762620000   17.900671   
17701    1770120000   17.794474   
17776    1777620000   17.705532   
17851    1785120000   17.616867   
17926    1792620000   17.529003   
18001    1800120000   17.428007   
18076    1807620000   17.351770   
18151    1815120000   17.253658   
18226    1822620000   17.163042   
18301    1830120000   17.045221   
18376    1837620000   16.960012   
18451    1845120000   16.868435   
18526    1852620000   16.810020   
18601    1860120000   16.706356   
18676    1867620000   16.613623   
18751    1875120000   16.534348   
18826    1882620000   16.454224   
18901    1890120000   16.376759   
18976    1897620000   16.283188   
19051    1905120000   16.204649   
19126    1912620000   16.108475   
19201    1920120000   16.012907   
19276    1927620000   15.940899   
19351    1935120000   15.858072   
19426    1942620000   15.760180   
19501    1950120000   15.667389   
19576    1957620000   15.556505   
19651    1965120000   15.450478   
19726    1972620000   15.366606   
19801    1980120000   15.288428   
19876    1987620000   15.221909   
19951    1995120000   15.150471   
20000    2000020000   15.088108   
20026    2002620000   15.058888   
20101    2010120000   14.986141   
20176    2017620000   14.918595   
20251    2025120000   14.846691   
20326    2032620000   14.758913   
20401    2040120000   14.679628   
20476    2047620000   14.610964   
20551    2055120000   14.541318   
20626    2062620000   14.458714   
20701    2070120000   14.369493   
20776    2077620000   14.271666   
20851    2085120000   14.190012   
20926    2092620000   14.121582   
21001    2100120000   14.044825   
21076    2107620000   13.957990   
21151    2115120000   13.874196   
21226    2122620000   13.800808   
21301    2130120000   13.721354   
21376    2137620000   13.631564   
21451    2145120000   13.575043   
21526    2152620000   13.505427   
21601    2160120000   13.434322   
21676    2167620000   13.356620   
21751    2175120000   13.292115   
21826    2182620000   13.238385   
21901    2190120000   13.168154   
21976    2197620000   13.095986   
22051    2205120000   13.031420   
22126    2212620000   12.949056   
22201    2220120000   12.877081   
22276    2227620000   12.801258   
22351    2235120000   12.719666   
22426    2242620000   12.641124   
22501    2250120000   12.564531   
22576    2257620000   12.488056   
22651    2265120000   12.412878   
22726    2272620000   12.350733   
22801    2280120000   12.276716   
22876    2287620000   12.204772   
22951    2295120000   12.135269   
23026    2302620000   12.069439   
23101    2310120000   12.013279   
23176    2317620000   11.943156   
23251    2325120000   11.883345   
23326    2332620000   11.818120   
23401    2340120000   11.739922   
23476    2347620000   11.676001   
23551    2355120000   11.612837   
23626    2362620000   11.550422   
23701    2370120000   11.487421   
23776    2377620000   11.428153   
23851    2385120000   11.362556   
23926    2392620000   11.303454   
24001    2400120000   11.232911   
24076    2407620000   11.169959   
24151    2415120000   11.114100   
24226    2422620000   11.056540   
24301    2430120000   11.000694   
24376    2437620000   10.950003   
24451    2445120000   10.886800   
24526    2452620000   10.840969   
24601    2460120000   10.790043   
24676    2467620000   10.718002   
24751    2475120000   10.660122   
24826    2482620000   10.602356   
24901    2490120000   10.545077   
24976    2497620000   10.481915   
25051    2505120000   10.432044   
25126    2512620000   10.377398   
25201    2520120000   10.311205   
25276    2527620000   10.252188   
25351    2535120000   10.190079   
25426    2542620000   10.140273   
25501    2550120000   10.076033   
25576    2557620000   10.023626   
25651    2565120000   9.968624    
25726    2572620000   9.914073    
25801    2580120000   9.854918    
25876    2587620000   9.805867    
25951    2595120000   9.757797    
26000    2600020000   9.728166    
26026    2602620000   9.715128    
26101    2610120000   9.653394    
26176    2617620000   9.599045    
26251    2625120000   9.539631    
26326    2632620000   9.475158    
26401    2640120000   9.428464    
26476    2647620000   9.377398    
26551    2655120000   9.322005    
26626    2662620000   9.275568    
26701    2670120000   9.215989    
26776    2677620000   9.161926    
26851    2685120000   9.109046    
26926    2692620000   9.066413    
27001    2700120000   9.018105    
27076    2707620000   8.962581    
27151    2715120000   8.906038    
27226    2722620000   8.866978    
27301    2730120000   8.824123    
27376    2737620000   8.782052    
27451    2745120000   8.740603    
27526    2752620000   8.699961    
27601    2760120000   8.663398    
27676    2767620000   8.627131    
27751    2775120000   8.575712    
27826    2782620000   8.529685    
27901    2790120000   8.493956    
27976    2797620000   8.449069    
28051    2805120000   8.402197    
28126    2812620000   8.354325    
28201    2820120000   8.299925    
28276    2827620000   8.250652    
28351    2835120000   8.199662    
28426    2842620000   8.150698    
28501    2850120000   8.112069    
28576    2857620000   8.070421    
28651    2865120000   8.018441    
28726    2872620000   7.971236    
28801    2880120000   7.934812    
28876    2887620000   7.887338    
28951    2895120000   7.845722    
29026    2902620000   7.805848    
29101    2910120000   7.767035    
29176    2917620000   7.725696    
29251    2925120000   7.690477    
29326    2932620000   7.641533    
29401    2940120000   7.599616    
29476    2947620000   7.561249    
29551    2955120000   7.520127    
29626    2962620000   7.482299    
29701    2970120000   7.450383    
29776    2977620000   7.402251    
29851    2985120000   7.361514    
29926    2992620000   7.329882    
30001    3000120000   7.291965    
30076    3007620000   7.255625    
30151    3015120000   7.215639    
30226    3022620000   7.175536    
30301    3030120000   7.131124    
30376    3037620000   7.089918    
30451    3045120000   7.051051    
30526    3052620000   7.017794    
30601    3060120000   6.980681    
30676    3067620000   6.951377    
30751    3075120000   6.917520    
30826    3082620000   6.877134    
30901    3090120000   6.842361    
30976    3097620000   6.813746    
31051    3105120000   6.784306    
31126    3112620000   6.749295    
31201    3120120000   6.715633    
31276    3127620000   6.678666    
31351    3135120000   6.638244    
31426    3142620000   6.601171    
31501    3150120000   6.568238    
31576    3157620000   6.536804    
31651    3165120000   6.503866    
31726    3172620000   6.468990    
31801    3180120000   6.436951    
31876    3187620000   6.405137    
31951    3195120000   6.372477    
32026    3202620000   6.341128    
32101    3210120000   6.311095    
32176    3217620000   6.285479    
32251    3225120000   6.256644    
32326    3232620000   6.222654    
32401    3240120000   6.185935    
32476    3247620000   6.153811    
32551    3255120000   6.118724    
32626    3262620000   6.092996    
32701    3270120000   6.064520    
32776    3277620000   6.035329    
32851    3285120000   6.004193    
32926    3292620000   5.979313    
33000    3300020000   5.954363    
33001    3300120000   5.953679    
33076    3307620000   5.919263    
33151    3315120000   5.884237    
33226    3322620000   5.857259    
33301    3330120000   5.828556    
33376    3337620000   5.800069    
33451    3345120000   5.776348    
33526    3352620000   5.743506    
33601    3360120000   5.715402    
33676    3367620000   5.689429    
33751    3375120000   5.656544    
33826    3382620000   5.629054    
33901    3390120000   5.605027    
33976    3397620000   5.581725    
34051    3405120000   5.551507    
34126    3412620000   5.526301    
34201    3420120000   5.501962    
34276    3427620000   5.475480    
34351    3435120000   5.453178    
34426    3442620000   5.424582    
34501    3450120000   5.398717    
34576    3457620000   5.375881    
34651    3465120000   5.348807    
34726    3472620000   5.314042    
34801    3480120000   5.289066    
34876    3487620000   5.265909    
34951    3495120000   5.239400    
35026    3502620000   5.215918    
35101    3510120000   5.188138    
35176    3517620000   5.165041    
35251    3525120000   5.138443    
35326    3532620000   5.114879    
35401    3540120000   5.091598    
35476    3547620000   5.068523    
35551    3555120000   5.048213    
35626    3562620000   5.022882    
35701    3570120000   5.001351    
35776    3577620000   4.976733    
35851    3585120000   4.952581    
35926    3592620000   4.928386    
36001    3600120000   4.903976    
36076    3607620000   4.879729    
36151    3615120000   4.858278    
36226    3622620000   4.836560    
36301    3630120000   4.812953    
36376    3637620000   4.790393    
36451    3645120000   4.769249    
36526    3652620000   4.748727    
36601    3660120000   4.730199    
36676    3667620000   4.710616    
36751    3675120000   4.689222    
36826    3682620000   4.669475    
36901    3690120000   4.651798    
36976    3697620000   4.633233    
37051    3705120000   4.608973    
37126    3712620000   4.590834    
37201    3720120000   4.569390    
37276    3727620000   4.552779    
37351    3735120000   4.534241    
37426    3742620000   4.514650    
37501    3750120000   4.491962    
37576    3757620000   4.474894    
37651    3765120000   4.453988    
37726    3772620000   4.436939    
37801    3780120000   4.419343    
37876    3787620000   4.400470    
37951    3795120000   4.383116    
38026    3802620000   4.367081    
38101    3810120000   4.350554    
38176    3817620000   4.333505    
38251    3825120000   4.312692    
38326    3832620000   4.291822    
38401    3840120000   4.271713    
38476    3847620000   4.253518    
38551    3855120000   4.236761    
38626    3862620000   4.221228    
38701    3870120000   4.202702    
38776    3877620000   4.187406    
38851    3885120000   4.172190    
38926    3892620000   4.154182    
39001    3900120000   4.138655    
39076    3907620000   4.118621    
39151    3915120000   4.101942    
39226    3922620000   4.087222    
39301    3930120000   4.069512    
39376    3937620000   4.055731    
39451    3945120000   4.040564    
39526    3952620000   4.020912    
39601    3960120000   4.004808    
39676    3967620000   3.991144    
39751    3975120000   3.974104    
39826    3982620000   3.958824    
39901    3990120000   3.942197    
39976    3997620000   3.928926    
40051    4005120000   3.912331    
40126    4012620000   3.897454    
40201    4020120000   3.884964    
40276    4027620000   3.870815    
40351    4035120000   3.854966    
40426    4042620000   3.840501    
40501    4050120000   3.820441    
40576    4057620000   3.804456    
40651    4065120000   3.793660    
40726    4072620000   3.780286    
40801    4080120000   3.766981    
40876    4087620000   3.755015    
40951    4095120000   3.739505    
41026    4102620000   3.725362    
41101    4110120000   3.709573    
41176    4117620000   3.697472    
41251    4125120000   3.684663    
41326    4132620000   3.671530    
41401    4140120000   3.658153    
41476    4147620000   3.645661    
41551    4155120000   3.631483    
41626    4162620000   3.619625    
41701    4170120000   3.607309    
41776    4177620000   3.594244    
41851    4185120000   3.582250    
41926    4192620000   3.567875    
42001    4200120000   3.554600    
42076    4207620000   3.541431    
42151    4215120000   3.531015    
42226    4222620000   3.516784    
42301    4230120000   3.505444    
42376    4237620000   3.492419    
42451    4245120000   3.478434    
42526    4252620000   3.466607    
42601    4260120000   3.455023    
42676    4267620000   3.443806    
42751    4275120000   3.433315    
42826    4282620000   3.424398    
42901    4290120000   3.414203    
42976    4297620000   3.405575    
43051    4305120000   3.393442    
43126    4312620000   3.381305    
43201    4320120000   3.371814    
43276    4327620000   3.364287    
43351    4335120000   3.353930    
43426    4342620000   3.346418    
43501    4350120000   3.335833    
43576    4357620000   3.328561    
43651    4365120000   3.315660    
43726    4372620000   3.306857    
43801    4380120000   3.299239    
43876    4387620000   3.290859    
43951    4395120000   3.281377    
44026    4402620000   3.274369    
44101    4410120000   3.265895    
44176    4417620000   3.257345    
44251    4425120000   3.248970    
44326    4432620000   3.241675    
44401    4440120000   3.233729    
44476    4447620000   3.225542    
44551    4455120000   3.217707    
44626    4462620000   3.211652    
44701    4470120000   3.204680    
44776    4477620000   3.200586    
44851    4485120000   3.194618    
44926    4492620000   3.189545    
45001    4500120000   3.182658    
45076    4507620000   3.176276    
45151    4515120000   3.168596    
45226    4522620000   3.161047    
45301    4530120000   3.154581    
45376    4537620000   3.146998    
45451    4545120000   3.140298    
45526    4552620000   3.131671    
45601    4560120000   3.123771    
45676    4567620000   3.115960    
45751    4575120000   3.108951    
45826    4582620000   3.100819    
45901    4590120000   3.091493    
45976    4597620000   3.082053    
46051    4605120000   3.073313    
46126    4612620000   3.065120    
46201    4620120000   3.057042    
46276    4627620000   3.049587    
46351    4635120000   3.041354    
46426    4642620000   3.034430    
46501    4650120000   3.026415    
46576    4657620000   3.020525    
46651    4665120000   3.011663    
46726    4672620000   3.004924    
46801    4680120000   2.996798    
46876    4687620000   2.990821    
46951    4695120000   2.980957    
47026    4702620000   2.973487    
47101    4710120000   2.965253    
47176    4717620000   2.959394    
47251    4725120000   2.952443    
47326    4732620000   2.944090    
47401    4740120000   2.935619    
47476    4747620000   2.927157    
47551    4755120000   2.918417    
47626    4762620000   2.908614    
47701    4770120000   2.898792    
47776    4777620000   2.888482    
47851    4785120000   2.879076    
47926    4792620000   2.869914    
48001    4800120000   2.861118    
48076    4807620000   2.852471    
48151    4815120000   2.845658    
48226    4822620000   2.837232    
48301    4830120000   2.829145    
48376    4837620000   2.819241    
48451    4845120000   2.808778    
48526    4852620000   2.801701    
48601    4860120000   2.793336    
48676    4867620000   2.784751    
48751    4875120000   2.777416    
48826    4882620000   2.768687    
48901    4890120000   2.760833    
48976    4897620000   2.751185    
49051    4905120000   2.741673    
49126    4912620000   2.734380    
49201    4920120000   2.723372    
49276    4927620000   2.713838    
49351    4935120000   2.706237    
49426    4942620000   2.699506    
49501    4950120000   2.691886    
49576    4957620000   2.682267    
49651    4965120000   2.673231    
49726    4972620000   2.665372    
49801    4980120000   2.657536    
49876    4987620000   2.650114    
49951    4995120000   2.642883    
50026    5002620000   2.634899    
50101    5010120000   2.625269    
50176    5017620000   2.616153    
50251    5025120000   2.609929    
50326    5032620000   2.600264    
50401    5040120000   2.592025    
50476    5047620000   2.576664    
50551    5055120000   2.558216    
50626    5062620000   2.543175    
50701    5070120000   2.526414    
50776    5077620000   2.509625    
50851    5085120000   2.492073    
50926    5092620000   2.476864    
51000    5100020000   2.458900    
51001    5100120000   2.457623    
51076    5107620000   2.439855    
51151    5115120000   2.423873    
51226    5122620000   2.407378    
51301    5130120000   2.393134    
51376    5137620000   2.376808    
51451    5145120000   2.353215    
51526    5152620000   2.336010    
51601    5160120000   2.319158    
51676    5167620000   2.303038    
51751    5175120000   2.286418    
51826    5182620000   2.268185    
51901    5190120000   2.251275    
51976    5197620000   2.235236    
52051    5205120000   2.219891    
52126    5212620000   2.200519    
52201    5220120000   2.183136    
52276    5227620000   2.166773    
52351    5235120000   2.145588    
52426    5242620000   2.127586    
52501    5250120000   2.111012    
52576    5257620000   2.093163    
52651    5265120000   2.077515    
52726    5272620000   2.060366    
52801    5280120000   2.044028    
52876    5287620000   2.024956    
52951    5295120000   2.009708    
53026    5302620000   1.994238    
53101    5310120000   1.979060    
53176    5317620000   1.962836    
53251    5325120000   1.948434    
53326    5332620000   1.931157    
53401    5340120000   1.915684    
53476    5347620000   1.899765    
53551    5355120000   1.883548    
53626    5362620000   1.865490    
53701    5370120000   1.845547    
53776    5377620000   1.827067    
53851    5385120000   1.809765    
53926    5392620000   1.796655    
54001    5400120000   1.781073    
54076    5407620000   1.765418    
54151    5415120000   1.750818    
54226    5422620000   1.733441    
54301    5430120000   1.719323    
54376    5437620000   1.703225    
54451    5445120000   1.688616    
54526    5452620000   1.674653    
54601    5460120000   1.658092    
54676    5467620000   1.642542    
54751    5475120000   1.629784    
54826    5482620000   1.610355    
54901    5490120000   1.597245    
54976    5497620000   1.581724    
55051    5505120000   1.565499    
55126    5512620000   1.549681    
55201    5520120000   1.535718    
55276    5527620000   1.520247    
55351    5535120000   1.503640    
55426    5542620000   1.488490    
55501    5550120000   1.470665    
55576    5557620000   1.455046    
55651    5565120000   1.439896    
55726    5572620000   1.425490    
55801    5580120000   1.408938    
55876    5587620000   1.392550    
55951    5595120000   1.376785    
56026    5602620000   1.363600    
56101    5610120000   1.349454    
56176    5617620000   1.334398    
56251    5625120000   1.316541    
56326    5632620000   1.302929    
56401    5640120000   1.288824    
56476    5647620000   1.274878    
56551    5655120000   1.257907    
56626    5662620000   1.242127    
56701    5670120000   1.227283    
56776    5677620000   1.212867    
56851    5685120000   1.199593    
56926    5692620000   1.182879    
57001    5700120000   1.168644    
57076    5707620000   1.155555    
57151    5715120000   1.143247    
57226    5722620000   1.124341    
57301    5730120000   1.110767    
57376    5737620000   1.096268    
57451    5745120000   1.079661    
57526    5752620000   1.067382    
57601    5760120000   1.050502    
57676    5767620000   1.036217    
57751    5775120000   1.021427    
57826    5782620000   1.007211    
57901    5790120000   0.993281    
57976    5797620000   0.978349    
58051    5805120000   0.963309    
58126    5812620000   0.949742    
58201    5820120000   0.936097    
58276    5827620000   0.923703    
58351    5835120000   0.908575    
58426    5842620000   0.894478    
58501    5850120000   0.880198    
58576    5857620000   0.868620    
58651    5865120000   0.855862    
58726    5872620000   0.841895    
58801    5880120000   0.828366    
58876    5887620000   0.811544    
58951    5895120000   0.798003    
59026    5902620000   0.782375    
59101    5910120000   0.769379    
59176    5917620000   0.755054    
59251    5925120000   0.738889    
59326    5932620000   0.728635    
59401    5940120000   0.712052    
59476    5947620000   0.701198    
59551    5955120000   0.687260    
59626    5962620000   0.674110    
59701    5970120000   0.660335    
59776    5977620000   0.644707    
59851    5985120000   0.633007    
59926    5992620000   0.620174    
60000    6000020000   0.605292    
60001    6000120000   0.605012    
60076    6007620000   0.594389    
60151    6015120000   0.581393    
60226    6022620000   0.568132    
60301    6030120000   0.551286    
60376    6037620000   0.538892    
60451    6045120000   0.522705    
60526    6052620000   0.509987    
60601    6060120000   0.494352    
60676    6067620000   0.478425    
60751    6075120000   0.466514    
60826    6082620000   0.454596    
60901    6090120000   0.441476    
60976    6097620000   0.428161    
61051    6105120000   0.414910    
61126    6112620000   0.405800    
61201    6120120000   0.390722    
61276    6127620000   0.376385    
61351    6135120000   0.364906    
61426    6142620000   0.353979    
61501    6150120000   0.341506    
61576    6157620000   0.327690    
61651    6165120000   0.315120    
61726    6172620000   0.300937    
61801    6180120000   0.288744    
61876    6187620000   0.276458    
61951    6195120000   0.264665    
62026    6202620000   0.255406    
62101    6210120000   0.244695    
62176    6217620000   0.232949    
62251    6225120000   0.220596    
62326    6232620000   0.208271    
62401    6240120000   0.193517    
62476    6247620000   0.181094    
62551    6255120000   0.167486    
62626    6262620000   0.156591    
62701    6270120000   0.145217    
62776    6277620000   0.132683    
62851    6285120000   0.121830    
62926    6292620000   0.111546    
63001    6300120000   0.098500    
63076    6307620000   0.088513    
63151    6315120000   0.077754    
63226    6322620000   0.065743    
63301    6330120000   0.053037    
63376    6337620000   0.040357    
63451    6345120000   0.026291    
63526    6352620000   0.013447    
63601    6360120000   0.001000    
63676    6367620000   -0.011484   
63751    6375120000   -0.023800   
63826    6382620000   -0.034673   
63901    6390120000   -0.045103   
63976    6397620000   -0.058177   
64051    6405120000   -0.070091   
64126    6412620000   -0.080766   
64201    6420120000   -0.092065   
64276    6427620000   -0.102784   
64351    6435120000   -0.115432   
64426    6442620000   -0.128003   
64501    6450120000   -0.137924   
64576    6457620000   -0.148760   
64651    6465120000   -0.158368   
64726    6472620000   -0.169755   
64801    6480120000   -0.182309   
64876    6487620000   -0.192661   
64951    6495120000   -0.202039   
65026    6502620000   -0.211255   
65101    6510120000   -0.222359   
65176    6517620000   -0.232334   
65251    6525120000   -0.244560   
65326    6532620000   -0.256661   
65401    6540120000   -0.265990   
65476    6547620000   -0.276277   
65551    6555120000   -0.286862   
65626    6562620000   -0.296260   
65701    6570120000   -0.306895   
65776    6577620000   -0.317250   
65851    6585120000   -0.329246   
65926    6592620000   -0.338429   
66001    6600120000   -0.347973   
66076    6607620000   -0.360296   
66151    6615120000   -0.371776   
66226    6622620000   -0.383851   
66301    6630120000   -0.394520   
66376    6637620000   -0.404663   
66451    6645120000   -0.413674   
66526    6652620000   -0.426444   
66601    6660120000   -0.436788   
66676    6667620000   -0.446702   
66751    6675120000   -0.457430   
66826    6682620000   -0.467595   
66901    6690120000   -0.477185   
66976    6697620000   -0.486804   
67051    6705120000   -0.497766   
67126    6712620000   -0.508280   
67201    6720120000   -0.515103   
67276    6727620000   -0.527052   
67351    6735120000   -0.535284   
67426    6742620000   -0.543964   
67501    6750120000   -0.555465   
67576    6757620000   -0.564163   
67651    6765120000   -0.572792   
67726    6772620000   -0.582660   
67801    6780120000   -0.593190   
67876    6787620000   -0.603191   
67951    6795120000   -0.612481   
68026    6802620000   -0.621199   
68101    6810120000   -0.633543   
68176    6817620000   -0.641684   
68251    6825120000   -0.650730   
68326    6832620000   -0.658236   
68401    6840120000   -0.668761   
68476    6847620000   -0.677696   
68551    6855120000   -0.686458   
68626    6862620000   -0.694051   
68701    6870120000   -0.703979   
68776    6877620000   -0.714217   
68851    6885120000   -0.724000   
68926    6892620000   -0.732761   
69001    6900120000   -0.741360   
69076    6907620000   -0.750967   
69151    6915120000   -0.759669   
69226    6922620000   -0.768597   
69301    6930120000   -0.778553   
69376    6937620000   -0.788605   
69451    6945120000   -0.796455   
69526    6952620000   -0.806758   
69601    6960120000   -0.815395   
69676    6967620000   -0.824296   
69751    6975120000   -0.834726   
69826    6982620000   -0.845920   
69901    6990120000   -0.855022   
69976    6997620000   -0.864011   
70000    7000020000   -0.867109   
70051    7005120000   -0.873740   
70126    7012620000   -0.882169   
70201    7020120000   -0.891890   
70276    7027620000   -0.900880   
70351    7035120000   -0.908367   
70426    7042620000   -0.917490   
70501    7050120000   -0.926671   
70576    7057620000   -0.936269   
70651    7065120000   -0.944602   
70726    7072620000   -0.953465   
70801    7080120000   -0.962357   
70876    7087620000   -0.971758   
70951    7095120000   -0.980635   
71026    7102620000   -0.988092   
71101    7110120000   -0.996991   
71176    7117620000   -1.003898   
71251    7125120000   -1.012091   
71326    7132620000   -1.020504   
71401    7140120000   -1.028850   
71476    7147620000   -1.036317   
71551    7155120000   -1.044590   
71626    7162620000   -1.055435   
71701    7170120000   -1.064855   
71776    7177620000   -1.073517   
71851    7185120000   -1.081690   
71926    7192620000   -1.088185   
72001    7200120000   -1.095245   
72076    7207620000   -1.102879   
72151    7215120000   -1.111341   
72226    7222620000   -1.119068   
72301    7230120000   -1.127191   
72376    7237620000   -1.135902   
72451    7245120000   -1.142737   
72526    7252620000   -1.151097   
72601    7260120000   -1.159833   
72676    7267620000   -1.168007   
72751    7275120000   -1.175663   
72826    7282620000   -1.183468   
72901    7290120000   -1.189831   
72976    7297620000   -1.197192   
73051    7305120000   -1.204683   
73126    7312620000   -1.214043   
73201    7320120000   -1.221208   
73276    7327620000   -1.227942   
73351    7335120000   -1.235428   
73426    7342620000   -1.243491   
73501    7350120000   -1.250478   
73576    7357620000   -1.257463   
73651    7365120000   -1.265177   
73726    7372620000   -1.272238   
73801    7380120000   -1.279381   
73876    7387620000   -1.286640   
73951    7395120000   -1.295117   
74026    7402620000   -1.300122   
74101    7410120000   -1.307173   
74176    7417620000   -1.314260   
74251    7425120000   -1.321200   
74326    7432620000   -1.327534   
74401    7440120000   -1.334956   
74476    7447620000   -1.341299   
74551    7455120000   -1.347795   
74626    7462620000   -1.354546   
74701    7470120000   -1.362532   
74776    7477620000   -1.369700   
74851    7485120000   -1.377515   
74926    7492620000   -1.385518   
75001    7500120000   -1.392405   
75076    7507620000   -1.399283   
75151    7515120000   -1.406601   
75226    7522620000   -1.412677   
75301    7530120000   -1.419311   
75376    7537620000   -1.424988   
75451    7545120000   -1.431254   
75526    7552620000   -1.438221   
75601    7560120000   -1.445075   
75676    7567620000   -1.453412   
75751    7575120000   -1.460770   
75826    7582620000   -1.467559   
75901    7590120000   -1.474413   
75976    7597620000   -1.481279   
76051    7605120000   -1.488495   
76126    7612620000   -1.495002   
76201    7620120000   -1.501396   
76276    7627620000   -1.508471   
76351    7635120000   -1.514947   
76426    7642620000   -1.521233   
76501    7650120000   -1.528484   
76576    7657620000   -1.534467   
76651    7665120000   -1.541346   
76726    7672620000   -1.547018   
76801    7680120000   -1.553011   
76876    7687620000   -1.558879   
76951    7695120000   -1.564990   
77026    7702620000   -1.572179   
77101    7710120000   -1.579036   
77176    7717620000   -1.585922   
77251    7725120000   -1.592728   
77326    7732620000   -1.598923   
77401    7740120000   -1.604962   
77476    7747620000   -1.611384   
77551    7755120000   -1.616971   
77626    7762620000   -1.622784   
77701    7770120000   -1.630003   
77776    7777620000   -1.637903   
77851    7785120000   -1.645168   
77926    7792620000   -1.651821   
78001    7800120000   -1.658622   
78076    7807620000   -1.663731   
78151    7815120000   -1.670406   
78226    7822620000   -1.675784   
78301    7830120000   -1.683425   
78376    7837620000   -1.688997   
78451    7845120000   -1.694777   
78526    7852620000   -1.702245   
78601    7860120000   -1.707924   
78676    7867620000   -1.715084   
78751    7875120000   -1.719978   
78826    7882620000   -1.726241   
78901    7890120000   -1.730914   
78976    7897620000   -1.737302   
79051    7905120000   -1.743701   
79126    7912620000   -1.749518   
79201    7920120000   -1.755598   
79276    7927620000   -1.761233   
79351    7935120000   -1.766644   
79426    7942620000   -1.772810   
79501    7950120000   -1.777721   
79576    7957620000   -1.783762   
79651    7965120000   -1.790408   
79726    7972620000   -1.795527   
79801    7980120000   -1.801192   
79876    7987620000   -1.806799   
79951    7995120000   -1.811907   
80026    8002620000   -1.816273   
80101    8010120000   -1.821400   
80176    8017620000   -1.827341   
80251    8025120000   -1.832251   
80326    8032620000   -1.838010   
80401    8040120000   -1.842591   
80476    8047620000   -1.848037   
80551    8055120000   -1.853785   
80626    8062620000   -1.859175   
80701    8070120000   -1.864319   
80776    8077620000   -1.869463   
80851    8085120000   -1.874488   
80926    8092620000   -1.879960   
81000    8100020000   -1.884538   
81001    8100120000   -1.884625   
81076    8107620000   -1.891221   
81151    8115120000   -1.896440   
81226    8122620000   -1.901105   
81301    8130120000   -1.907003   
81376    8137620000   -1.913187   
81451    8145120000   -1.919081   
81526    8152620000   -1.924568   
81601    8160120000   -1.930374   
81676    8167620000   -1.935059   
81751    8175120000   -1.938943   
81826    8182620000   -1.943737   
81901    8190120000   -1.947836   
81976    8197620000   -1.952298   
82051    8205120000   -1.958867   
82126    8212620000   -1.962577   
82201    8220120000   -1.967273   
82276    8227620000   -1.972812   
82351    8235120000   -1.977413   
82426    8242620000   -1.982572   
82501    8250120000   -1.987064   
82576    8257620000   -1.991883   
82651    8265120000   -1.997101   
82726    8272620000   -2.002538   
82801    8280120000   -2.008032   
82876    8287620000   -2.013078   
82951    8295120000   -2.018157   
83026    8302620000   -2.023421   
83101    8310120000   -2.028331   
83176    8317620000   -2.032872   
83251    8325120000   -2.037823   
83326    8332620000   -2.042873   
83401    8340120000   -2.047805   
83476    8347620000   -2.052464   
83551    8355120000   -2.057914   
83626    8362620000   -2.062639   
83701    8370120000   -2.067482   
83776    8377620000   -2.071762   
83851    8385120000   -2.076828   
83926    8392620000   -2.081768   
84001    8400120000   -2.086795   
84076    8407620000   -2.090673   
84151    8415120000   -2.094494   
84226    8422620000   -2.098907   
84301    8430120000   -2.103071   
84376    8437620000   -2.107636   
84451    8445120000   -2.111876   
84526    8452620000   -2.115729   
84601    8460120000   -2.119225   
84676    8467620000   -2.125041   
84751    8475120000   -2.129227   
84826    8482620000   -2.133759   
84901    8490120000   -2.137619   
84976    8497620000   -2.142702   
85051    8505120000   -2.147860   
85126    8512620000   -2.152008   
85201    8520120000   -2.156127   
85276    8527620000   -2.160090   
85351    8535120000   -2.163730   
85426    8542620000   -2.167548   
85501    8550120000   -2.172175   
85576    8557620000   -2.175820   
85651    8565120000   -2.179783   
85726    8572620000   -2.184542   
85801    8580120000   -2.189437   
85876    8587620000   -2.194002   
85951    8595120000   -2.199447   
86026    8602620000   -2.202790   
86101    8610120000   -2.207064   
86176    8617620000   -2.211362   
86251    8625120000   -2.215621   
86326    8632620000   -2.219962   
86401    8640120000   -2.224826   
86476    8647620000   -2.228617   
86551    8655120000   -2.232870   
86626    8662620000   -2.236746   
86701    8670120000   -2.240723   
86776    8677620000   -2.244540   
86851    8685120000   -2.249250   
86926    8692620000   -2.253871   
87001    8700120000   -2.257689   
87076    8707620000   -2.263174   
87151    8715120000   -2.267044   
87226    8722620000   -2.270630   
87301    8730120000   -2.274626   
87376    8737620000   -2.278288   
87451    8745120000   -2.281861   
87526    8752620000   -2.285230   
87601    8760120000   -2.288927   
87676    8767620000   -2.293743   
87751    8775120000   -2.297801   
87826    8782620000   -2.301251   
87901    8790120000   -2.304901   
87976    8797620000   -2.308812   
88051    8805120000   -2.312405   
88126    8812620000   -2.316249   
88201    8820120000   -2.320096   
88276    8827620000   -2.323090   
88351    8835120000   -2.326159   
88426    8842620000   -2.329998   
88501    8850120000   -2.334183   
88576    8857620000   -2.338274   
88651    8865120000   -2.343254   
88726    8872620000   -2.346257   
88801    8880120000   -2.349689   
88876    8887620000   -2.354046   
88951    8895120000   -2.356907   
89026    8902620000   -2.360615   
89101    8910120000   -2.364442   
89176    8917620000   -2.368557   
89251    8925120000   -2.371854   
89326    8932620000   -2.375974   
89401    8940120000   -2.380106   
89476    8947620000   -2.384385   
89551    8955120000   -2.387985   
89626    8962620000   -2.391496   
89701    8970120000   -2.395106   
89776    8977620000   -2.398742   
89851    8985120000   -2.403097   
89926    8992620000   -2.407328   
90001    9000120000   -2.410833   
90076    9007620000   -2.414692   
90151    9015120000   -2.418768   
90226    9022620000   -2.422556   
90301    9030120000   -2.426231   
90376    9037620000   -2.429673   
90451    9045120000   -2.433972   
90526    9052620000   -2.437577   
90601    9060120000   -2.440731   
90676    9067620000   -2.444042   
90751    9075120000   -2.447084   
90826    9082620000   -2.450845   
90901    9090120000   -2.453907   
90976    9097620000   -2.456833   
91051    9105120000   -2.460211   
91126    9112620000   -2.463347   
91201    9120120000   -2.466572   
91276    9127620000   -2.469934   
91351    9135120000   -2.473175   
91426    9142620000   -2.476658   
91501    9150120000   -2.480222   
91576    9157620000   -2.483606   
91651    9165120000   -2.487196   
91726    9172620000   -2.490945   
91801    9180120000   -2.494401   
91876    9187620000   -2.498083   
91951    9195120000   -2.501634   
92000    9200020000   -2.503456   
92026    9202620000   -2.504771   
92101    9210120000   -2.507659   
92176    9217620000   -2.510557   
92251    9225120000   -2.513028   
92326    9232620000   -2.515858   
92401    9240120000   -2.518854   
92476    9247620000   -2.521565   
92551    9255120000   -2.524255   
92626    9262620000   -2.527078   
92701    9270120000   -2.530775   
92776    9277620000   -2.534116   
92851    9285120000   -2.537962   
92926    9292620000   -2.541712   
93001    9300120000   -2.544649   
93076    9307620000   -2.547146   
93151    9315120000   -2.549577   
93226    9322620000   -2.552838   
93301    9330120000   -2.555437   
93376    9337620000   -2.557900   
93451    9345120000   -2.560359   
93526    9352620000   -2.563077   
93601    9360120000   -2.566217   
93676    9367620000   -2.568936   
93751    9375120000   -2.572170   
93826    9382620000   -2.574732   
93901    9390120000   -2.577589   
93976    9397620000   -2.580249   
94051    9405120000   -2.582846   
94126    9412620000   -2.585582   
94201    9420120000   -2.588352   
94276    9427620000   -2.591008   
94351    9435120000   -2.593693   
94426    9442620000   -2.596411   
94501    9450120000   -2.598952   
94576    9457620000   -2.601839   
94651    9465120000   -2.604704   
94726    9472620000   -2.607445   
94801    9480120000   -2.610252   
94876    9487620000   -2.613016   
94951    9495120000   -2.615382   
95026    9502620000   -2.617710   
95101    9510120000   -2.620518   
95176    9517620000   -2.624108   
95251    9525120000   -2.626514   
95326    9532620000   -2.629251   
95401    9540120000   -2.631877   
95476    9547620000   -2.634770   
95551    9555120000   -2.637148   
95626    9562620000   -2.639707   
95701    9570120000   -2.642100   
95776    9577620000   -2.644548   
95851    9585120000   -2.647448   
95926    9592620000   -2.649864   
96001    9600120000   -2.653051   
96076    9607620000   -2.655490   
96151    9615120000   -2.658270   
96226    9622620000   -2.660695   
96301    9630120000   -2.663529   
96376    9637620000   -2.665913   
96451    9645120000   -2.668344   
96526    9652620000   -2.670679   
96601    9660120000   -2.673203   
96676    9667620000   -2.675629   
96751    9675120000   -2.678546   
96826    9682620000   -2.680881   
96901    9690120000   -2.683314   
96976    9697620000   -2.685680   
97051    9705120000   -2.688258   
97126    9712620000   -2.690571   
97201    9720120000   -2.693024   
97276    9727620000   -2.695789   
97351    9735120000   -2.698571   
97426    9742620000   -2.700683   
97501    9750120000   -2.702953   
97576    9757620000   -2.705472   
97651    9765120000   -2.707958   
97726    9772620000   -2.710113   
97801    9780120000   -2.712367   
97876    9787620000   -2.714437   
97951    9795120000   -2.716499   
98026    9802620000   -2.718665   
98101    9810120000   -2.721078   
98176    9817620000   -2.723635   
98251    9825120000   -2.726030   
98326    9832620000   -2.728135   
98401    9840120000   -2.730469   
98476    9847620000   -2.732568   
98551    9855120000   -2.734763   
98626    9862620000   -2.737167   
98701    9870120000   -2.739517   
98776    9877620000   -2.742282   
98851    9885120000   -2.744467   
98926    9892620000   -2.746705   
99001    9900120000   -2.748736   
99076    9907620000   -2.750924   
99151    9915120000   -2.753279   
99226    9922620000   -2.756052   
99301    9930120000   -2.757991   
99376    9937620000   -2.760127   
99451    9945120000   -2.761939   
99526    9952620000   -2.763879   
99601    9960120000   -2.765772   
99676    9967620000   -2.768116   
99751    9975120000   -2.770101   
99826    9982620000   -2.772063   
99901    9990120000   -2.774312   
99976    9997620000   -2.777060   
100051   10005120000  -2.779233   
100126   10012620000  -2.781181   
100201   10020120000  -2.783348   
100276   10027620000  -2.785327   
100351   10035120000  -2.787920   
100426   10042620000  -2.790028   
100501   10050120000  -2.791970   
100576   10057620000  -2.793931   
100651   10065120000  -2.795823   
100726   10072620000  -2.797811   
100801   10080120000  -2.800215   
100876   10087620000  -2.802286   
100951   10095120000  -2.803891   
101026   10102620000  -2.805605   
101101   10110120000  -2.807544   
101176   10117620000  -2.809251   
101251   10125120000  -2.811431   
101326   10132620000  -2.813421   
101401   10140120000  -2.815180   
101476   10147620000  -2.817232   
101551   10155120000  -2.819206   
101626   10162620000  -2.821096   
101701   10170120000  -2.823107   
101776   10177620000  -2.825200   
101851   10185120000  -2.827363   
101926   10192620000  -2.829482   
102001   10200120000  -2.831810   
102076   10207620000  -2.833516   
102151   10215120000  -2.835610   
102226   10222620000  -2.837748   
102301   10230120000  -2.839640   
102376   10237620000  -2.841733   
102451   10245120000  -2.843904   
102526   10252620000  -2.845678   
102601   10260120000  -2.847390   
102676   10267620000  -2.849250   
102751   10275120000  -2.851386   
102826   10282620000  -2.853308   
102901   10290120000  -2.855676   
102976   10297620000  -2.857145   
103051   10305120000  -2.858952   
103126   10312620000  -2.861126   
103201   10320120000  -2.863111   
103276   10327620000  -2.864656   
103351   10335120000  -2.866286   
103426   10342620000  -2.868225   
103501   10350120000  -2.870370   
103576   10357620000  -2.872190   
103651   10365120000  -2.873915   
103726   10372620000  -2.875865   
103801   10380120000  -2.877883   
103876   10387620000  -2.879520   
103951   10395120000  -2.881192   
104026   10402620000  -2.882879   
104101   10410120000  -2.884677   
104176   10417620000  -2.886570   
104251   10425120000  -2.888137   
104326   10432620000  -2.889726   
104401   10440120000  -2.891034   
104476   10447620000  -2.892879   
104551   10455120000  -2.894791   
104626   10462620000  -2.896644   
104701   10470120000  -2.898666   
104776   10477620000  -2.900525   
104851   10485120000  -2.902232   
104926   10492620000  -2.903792   
105001   10500120000  -2.905800   
105076   10507620000  -2.907708   
105151   10515120000  -2.909529   
105226   10522620000  -2.911063   
105301   10530120000  -2.912792   
105376   10537620000  -2.914609   
105451   10545120000  -2.916269   
105526   10552620000  -2.917761   
105601   10560120000  -2.919377   
105676   10567620000  -2.921227   
105751   10575120000  -2.922884   
105826   10582620000  -2.924585   
105901   10590120000  -2.926501   
105976   10597620000  -2.928257   
106051   10605120000  -2.929972   
106126   10612620000  -2.931565   
106201   10620120000  -2.933039   
106276   10627620000  -2.934392   
106351   10635120000  -2.936168   
106426   10642620000  -2.937869   
106501   10650120000  -2.939326   
106576   10657620000  -2.940535   
106651   10665120000  -2.942373   
106726   10672620000  -2.943914   
106801   10680120000  -2.945369   
106876   10687620000  -2.947181   
106951   10695120000  -2.948610   
107026   10702620000  -2.949901   
107101   10710120000  -2.951272   
107176   10717620000  -2.952764   
107251   10725120000  -2.954176   
107326   10732620000  -2.955490   
107401   10740120000  -2.957047   
107476   10747620000  -2.958420   
107551   10755120000  -2.959870   
107626   10762620000  -2.961439   
107701   10770120000  -2.963056   
107776   10777620000  -2.964630   
107851   10785120000  -2.965884   
107926   10792620000  -2.967390   
108001   10800120000  -2.968849   
108076   10807620000  -2.969968   
108151   10815120000  -2.971410   
108226   10822620000  -2.973110   
108301   10830120000  -2.974441   
108376   10837620000  -2.975888   
108451   10845120000  -2.977138   
108526   10852620000  -2.978687   
108601   10860120000  -2.980024   
108676   10867620000  -2.981116   
108751   10875120000  -2.982818   
108826   10882620000  -2.984183   
108901   10890120000  -2.985782   
108976   10897620000  -2.987068   
109051   10905120000  -2.988589   
109126   10912620000  -2.989686   
109201   10920120000  -2.991219   
109276   10927620000  -2.992734   
109351   10935120000  -2.994120   
109426   10942620000  -2.995326   
109501   10950120000  -2.996800   
109576   10957620000  -2.998151   
109651   10965120000  -2.999426   
109726   10972620000  -3.000961   
109801   10980120000  -3.002207   
109876   10987620000  -3.003386   
109951   10995120000  -3.004586   
110026   11002620000  -3.006326   
110101   11010120000  -3.007394   
110176   11017620000  -3.008751   
110251   11025120000  -3.009996   
110326   11032620000  -3.011202   
110401   11040120000  -3.012381   
110476   11047620000  -3.013849   
110551   11055120000  -3.015181   
110626   11062620000  -3.016580   
110701   11070120000  -3.018081   
110776   11077620000  -3.019400   
110851   11085120000  -3.020346   
110926   11092620000  -3.021555   
111001   11100120000  -3.023013   
111076   11107620000  -3.024124   
111151   11115120000  -3.025456   
111226   11122620000  -3.026670   
111301   11130120000  -3.028011   
111376   11137620000  -3.029203   
111451   11145120000  -3.030172   
111526   11152620000  -3.031294   
111601   11160120000  -3.032579   
111676   11167620000  -3.033640   
111751   11175120000  -3.035064   
111826   11182620000  -3.036237   
111901   11190120000  -3.037411   
111976   11197620000  -3.038680   
112051   11205120000  -3.039930   
112126   11212620000  -3.040936   
112201   11220120000  -3.042479   
112276   11227620000  -3.043604   
112351   11235120000  -3.044483   
112426   11242620000  -3.045638   
112501   11250120000  -3.046946   
112576   11257620000  -3.048237   
112651   11265120000  -3.049611   
112726   11272620000  -3.050853   
112801   11280120000  -3.051960   
112876   11287620000  -3.053279   
112951   11295120000  -3.054327   
113026   11302620000  -3.055698   
113101   11310120000  -3.056635   
113176   11317620000  -3.057726   
113251   11325120000  -3.058846   
113326   11332620000  -3.059976   
113401   11340120000  -3.061185   
113476   11347620000  -3.062206   
113551   11355120000  -3.063402   
113626   11362620000  -3.064537   
113701   11370120000  -3.065758   
113776   11377620000  -3.066792   
113851   11385120000  -3.067850   
113926   11392620000  -3.068778   
114001   11400120000  -3.069714   
114076   11407620000  -3.070572   
114151   11415120000  -3.071662   
114226   11422620000  -3.072772   
114301   11430120000  -3.073717   
114376   11437620000  -3.074896   
114451   11445120000  -3.076134   
114526   11452620000  -3.077027   
114601   11460120000  -3.078078   
114676   11467620000  -3.079249   
114751   11475120000  -3.080440   
114826   11482620000  -3.081741   
114901   11490120000  -3.082771   
114976   11497620000  -3.083656   
115051   11505120000  -3.084567   
115126   11512620000  -3.085459   
115201   11520120000  -3.086481   
115276   11527620000  -3.087536   
115351   11535120000  -3.088663   
115426   11542620000  -3.089939   
115501   11550120000  -3.091092   
115576   11557620000  -3.092074   
115651   11565120000  -3.093197   
115726   11572620000  -3.094248   
115801   11580120000  -3.095415   
115876   11587620000  -3.096361   
115951   11595120000  -3.097377   
116026   11602620000  -3.098300   
116101   11610120000  -3.099214   
116176   11617620000  -3.100161   
116251   11625120000  -3.100963   
116326   11632620000  -3.101886   
116401   11640120000  -3.102866   
116476   11647620000  -3.103933   
116551   11655120000  -3.104761   
116626   11662620000  -3.105650   
116701   11670120000  -3.106807   
116776   11677620000  -3.107652   
116851   11685120000  -3.108633   
116926   11692620000  -3.109530   
117001   11700120000  -3.110389   
117076   11707620000  -3.111366   
117151   11715120000  -3.112376   
117226   11722620000  -3.113277   
117301   11730120000  -3.114126   
117376   11737620000  -3.115098   
117451   11745120000  -3.115909   
117526   11752620000  -3.116682   
117601   11760120000  -3.117465   
117676   11767620000  -3.118418   
117751   11775120000  -3.119257   
117826   11782620000  -3.120026   
117901   11790120000  -3.120868   
117976   11797620000  -3.121878   
118051   11805120000  -3.122694   
118126   11812620000  -3.123441   
118201   11820120000  -3.124183   
118276   11827620000  -3.124970   
118351   11835120000  -3.125812   
118426   11842620000  -3.126582   
118501   11850120000  -3.127416   
118576   11857620000  -3.128150   
118651   11865120000  -3.128870   
118726   11872620000  -3.129746   
118801   11880120000  -3.130697   
118876   11887620000  -3.131469   
118951   11895120000  -3.132246   
119026   11902620000  -3.133027   
119101   11910120000  -3.133934   
119176   11917620000  -3.134797   
119251   11925120000  -3.135918   
119326   11932620000  -3.136718   
119401   11940120000  -3.137461   
119476   11947620000  -3.138147   
119551   11955120000  -3.138972   
119626   11962620000  -3.139817   
119701   11970120000  -3.140507   
119776   11977620000  -3.141494   
119851   11985120000  -3.142425   
119926   11992620000  -3.143158   
120001   12000120000  -3.144153   
120076   12007620000  -3.144977   
120151   12015120000  -3.145750   
120226   12022620000  -3.146622   
120301   12030120000  -3.147315   
120376   12037620000  -3.148052   
120451   12045120000  -3.148802   
120526   12052620000  -3.149516   
120601   12060120000  -3.150339   
120676   12067620000  -3.151088   
120751   12075120000  -3.151685   
120826   12082620000  -3.152389   
120901   12090120000  -3.153287   
120976   12097620000  -3.154105   
121051   12105120000  -3.154962   
121126   12112620000  -3.155595   
121201   12120120000  -3.156353   
121276   12127620000  -3.157057   
121351   12135120000  -3.157805   
121426   12142620000  -3.158534   
121501   12150120000  -3.159308   
121576   12157620000  -3.160126   
121651   12165120000  -3.160966   
121726   12172620000  -3.161574   
121801   12180120000  -3.162261   
121876   12187620000  -3.163160   
121951   12195120000  -3.163678   
122026   12202620000  -3.164299   
122101   12210120000  -3.164879   
122176   12217620000  -3.165456   
122251   12225120000  -3.166152   
122326   12232620000  -3.166817   
122401   12240120000  -3.167587   
122476   12247620000  -3.168227   
122551   12255120000  -3.168970   
122626   12262620000  -3.169594   
122701   12270120000  -3.170347   
122776   12277620000  -3.171110   
122851   12285120000  -3.171718   
122926   12292620000  -3.172603   
123001   12300120000  -3.173320   
123076   12307620000  -3.173941   
123151   12315120000  -3.174572   
123226   12322620000  -3.175328   
123301   12330120000  -3.176105   
123376   12337620000  -3.176918   
123451   12345120000  -3.177614   
123526   12352620000  -3.178315   
123601   12360120000  -3.178905   
123676   12367620000  -3.179443   
123751   12375120000  -3.180094   
123826   12382620000  -3.180876   
123901   12390120000  -3.181604   
123976   12397620000  -3.182163   
124051   12405120000  -3.182985   
124126   12412620000  -3.183828   
124201   12420120000  -3.184480   
124276   12427620000  -3.185104   
124351   12435120000  -3.185707   
124426   12442620000  -3.186353   
124501   12450120000  -3.186979   
124576   12457620000  -3.187551   
124651   12465120000  -3.188112   
124726   12472620000  -3.188712   
124801   12480120000  -3.189343   
124876   12487620000  -3.189963   
124951   12495120000  -3.190621   
125026   12502620000  -3.191292   
125101   12510120000  -3.191919   
125176   12517620000  -3.192613   
125251   12525120000  -3.193326   
125326   12532620000  -3.193925   
125401   12540120000  -3.194664   
125476   12547620000  -3.195345   
125551   12555120000  -3.195966   
125626   12562620000  -3.196662   
125701   12570120000  -3.197286   
125776   12577620000  -3.197931   
125851   12585120000  -3.198551   
125926   12592620000  -3.199235   
126001   12600120000  -3.199892   
126076   12607620000  -3.200543   
126151   12615120000  -3.201110   
126226   12622620000  -3.201660   
126301   12630120000  -3.202216   
126376   12637620000  -3.202806   
126451   12645120000  -3.203280   
126526   12652620000  -3.203796   
126601   12660120000  -3.204283   
126676   12667620000  -3.204851   
126751   12675120000  -3.205391   
126826   12682620000  -3.205885   
126901   12690120000  -3.206419   
126976   12697620000  -3.207167   
127051   12705120000  -3.207796   
127126   12712620000  -3.208457   
127201   12720120000  -3.209045   
127276   12727620000  -3.209584   
127351   12735120000  -3.210133   
127426   12742620000  -3.210604   
127501   12750120000  -3.211170   
127576   12757620000  -3.211729   
127651   12765120000  -3.212186   
127726   12772620000  -3.212714   
127801   12780120000  -3.213211   
127876   12787620000  -3.213666   
127951   12795120000  -3.214165   
128026   12802620000  -3.214759   
128101   12810120000  -3.215170   
128176   12817620000  -3.215658   
128251   12825120000  -3.216243   
128326   12832620000  -3.216790   
128401   12840120000  -3.217387   
128476   12847620000  -3.217977   
128551   12855120000  -3.218507   
128626   12862620000  -3.219135   
128701   12870120000  -3.219551   
128776   12877620000  -3.220184   
128851   12885120000  -3.220783   
128926   12892620000  -3.221290   
129001   12900120000  -3.221814   
129076   12907620000  -3.222228   
129151   12915120000  -3.222763   
129226   12922620000  -3.223287   
129301   12930120000  -3.223918   
129376   12937620000  -3.224435   
129451   12945120000  -3.224966   
129526   12952620000  -3.225439   
129601   12960120000  -3.225994   
129676   12967620000  -3.226520   
129751   12975120000  -3.227091   
129826   12982620000  -3.227576   
129901   12990120000  -3.228018   
129976   12997620000  -3.228421   
130051   13005120000  -3.228785   
130126   13012620000  -3.229228   
130201   13020120000  -3.229695   
130276   13027620000  -3.230157   
130351   13035120000  -3.230540   
130426   13042620000  -3.231043   
130501   13050120000  -3.231483   
130576   13057620000  -3.232027   
130651   13065120000  -3.232538   
130726   13072620000  -3.233067   
130801   13080120000  -3.233481   
130876   13087620000  -3.233964   
130951   13095120000  -3.234415   
131026   13102620000  -3.234893   
131101   13110120000  -3.235452   
131176   13117620000  -3.235891   
131251   13125120000  -3.236418   
131326   13132620000  -3.236858   
131401   13140120000  -3.237353   
131476   13147620000  -3.237775   
131551   13155120000  -3.238254   
131626   13162620000  -3.238677   
131701   13170120000  -3.239180   
131776   13177620000  -3.239637   
131851   13185120000  -3.240135   
131926   13192620000  -3.240582   
132001   13200120000  -3.241001   
132076   13207620000  -3.241514   
132151   13215120000  -3.241938   
132226   13222620000  -3.242337   
132301   13230120000  -3.242763   
132376   13237620000  -3.243165   
132451   13245120000  -3.243565   
132526   13252620000  -3.243960   
132601   13260120000  -3.244370   
132676   13267620000  -3.244802   
132751   13275120000  -3.245209   
132826   13282620000  -3.245690   
132901   13290120000  -3.246147   
132976   13297620000  -3.246544   
133051   13305120000  -3.246972   
133126   13312620000  -3.247438   
133201   13320120000  -3.247849   
133276   13327620000  -3.248326   
133351   13335120000  -3.248752   
133426   13342620000  -3.249240   
133501   13350120000  -3.249583   
133576   13357620000  -3.250019   
133651   13365120000  -3.250475   
133726   13372620000  -3.250804   
133801   13380120000  -3.251207   
133876   13387620000  -3.251590   
133951   13395120000  -3.252087   
134026   13402620000  -3.252471   
134101   13410120000  -3.252809   
134176   13417620000  -3.253243   
134251   13425120000  -3.253554   
134326   13432620000  -3.253871   
134401   13440120000  -3.254233   
134476   13447620000  -3.254565   
134551   13455120000  -3.254903   
134626   13462620000  -3.255265   
134701   13470120000  -3.255650   
134776   13477620000  -3.256087   
134851   13485120000  -3.256474   
134926   13492620000  -3.256934   
135001   13500120000  -3.257407   
135076   13507620000  -3.257773   
135151   13515120000  -3.258109   
135226   13522620000  -3.258501   
135301   13530120000  -3.258930   
135376   13537620000  -3.259342   
135451   13545120000  -3.259791   
135526   13552620000  -3.260156   
135601   13560120000  -3.260515   
135676   13567620000  -3.260883   
135751   13575120000  -3.261267   
135826   13582620000  -3.261615   
135901   13590120000  -3.261969   
135976   13597620000  -3.262369   
136051   13605120000  -3.262706   
136126   13612620000  -3.263059   
136201   13620120000  -3.263406   
136276   13627620000  -3.263779   
136351   13635120000  -3.264170   
136426   13642620000  -3.264622   
136501   13650120000  -3.265017   
136576   13657620000  -3.265405   
136651   13665120000  -3.265791   
136726   13672620000  -3.266104   
136801   13680120000  -3.266368   
136876   13687620000  -3.266730   
136951   13695120000  -3.267147   
137026   13702620000  -3.267519   
137101   13710120000  -3.267914   
137176   13717620000  -3.268269   
137251   13725120000  -3.268572   
137326   13732620000  -3.268969   
137401   13740120000  -3.269220   
137476   13747620000  -3.269504   
137551   13755120000  -3.269880   
137626   13762620000  -3.270239   
137701   13770120000  -3.270547   
137776   13777620000  -3.270821   
137851   13785120000  -3.271125   
137926   13792620000  -3.271417   
138001   13800120000  -3.271791   
138076   13807620000  -3.272080   
138151   13815120000  -3.272456   
138226   13822620000  -3.272779   
138301   13830120000  -3.273048   
138376   13837620000  -3.273372   
138451   13845120000  -3.273702   
138526   13852620000  -3.274008   
138601   13860120000  -3.274334   
138676   13867620000  -3.274683   
138751   13875120000  -3.275023   
138826   13882620000  -3.275341   
138901   13890120000  -3.275632   
138976   13897620000  -3.275969   
139051   13905120000  -3.276277   
139126   13912620000  -3.276545   
139201   13920120000  -3.276903   
139276   13927620000  -3.277245   
139351   13935120000  -3.277606   
139426   13942620000  -3.277925   
139501   13950120000  -3.278250   
139576   13957620000  -3.278530   
139651   13965120000  -3.278832   
139726   13972620000  -3.279092   
139801   13980120000  -3.279402   
139876   13987620000  -3.279727   
139951   13995120000  -3.279999   
140026   14002620000  -3.280299   
140101   14010120000  -3.280600   
140176   14017620000  -3.280867   
140251   14025120000  -3.281219   
140326   14032620000  -3.281558   
140401   14040120000  -3.281776   
140476   14047620000  -3.282116   
140551   14055120000  -3.282441   
140626   14062620000  -3.282738   
140701   14070120000  -3.282973   
140776   14077620000  -3.283195   
140851   14085120000  -3.283448   
140926   14092620000  -3.283749   
141001   14100120000  -3.284046   
141076   14107620000  -3.284330   
141151   14115120000  -3.284609   
141226   14122620000  -3.284841   
141301   14130120000  -3.285071   
141376   14137620000  -3.285359   
141451   14145120000  -3.285627   
141526   14152620000  -3.285896   
141601   14160120000  -3.286199   
141676   14167620000  -3.286469   
141751   14175120000  -3.286700   
141826   14182620000  -3.286945   
141901   14190120000  -3.287218   
141976   14197620000  -3.287439   
142051   14205120000  -3.287696   
142126   14212620000  -3.287956   
142201   14220120000  -3.288236   
142276   14227620000  -3.288518   
142351   14235120000  -3.288754   
142426   14242620000  -3.289079   
142501   14250120000  -3.289318   
142576   14257620000  -3.289528   
142651   14265120000  -3.289794   
142726   14272620000  -3.290081   
142801   14280120000  -3.290348   
142876   14287620000  -3.290604   
142951   14295120000  -3.290848   
143026   14302620000  -3.291076   
143101   14310120000  -3.291351   
143176   14317620000  -3.291586   
143251   14325120000  -3.291850   
143326   14332620000  -3.292122   
143401   14340120000  -3.292421   
143476   14347620000  -3.292719   
143551   14355120000  -3.292985   
143626   14362620000  -3.293212   
143701   14370120000  -3.293486   
143776   14377620000  -3.293718   
143851   14385120000  -3.293909   
143926   14392620000  -3.294125   
144001   14400120000  -3.294359   
144076   14407620000  -3.294605   
144151   14415120000  -3.294894   
144226   14422620000  -3.295100   
144301   14430120000  -3.295331   
144376   14437620000  -3.295573   
144451   14445120000  -3.295795   
144526   14452620000  -3.296123   
144601   14460120000  -3.296324   
144676   14467620000  -3.296548   
144751   14475120000  -3.296785   
144826   14482620000  -3.297021   
144901   14490120000  -3.297263   
144976   14497620000  -3.297518   
145051   14505120000  -3.297748   
145126   14512620000  -3.298020   
145201   14520120000  -3.298254   
145276   14527620000  -3.298491   
145351   14535120000  -3.298702   
145426   14542620000  -3.298929   
145501   14550120000  -3.299152   
145576   14557620000  -3.299378   
145651   14565120000  -3.299566   
145726   14572620000  -3.299837   
145801   14580120000  -3.300075   
145876   14587620000  -3.300267   
145951   14595120000  -3.300458   
146026   14602620000  -3.300624   
146101   14610120000  -3.300886   
146176   14617620000  -3.301093   
146251   14625120000  -3.301282   
146326   14632620000  -3.301486   
146401   14640120000  -3.301653   
146476   14647620000  -3.301847   
146551   14655120000  -3.302021   
146626   14662620000  -3.302301   
146701   14670120000  -3.302514   
146776   14677620000  -3.302712   
146851   14685120000  -3.302932   
146926   14692620000  -3.303171   
147001   14700120000  -3.303392   
147076   14707620000  -3.303635   
147151   14715120000  -3.303806   
147226   14722620000  -3.303985   
147301   14730120000  -3.304179   
147376   14737620000  -3.304373   
147451   14745120000  -3.304574   
147526   14752620000  -3.304792   
147601   14760120000  -3.305021   
147676   14767620000  -3.305227   
147751   14775120000  -3.305460   
147826   14782620000  -3.305651   
147901   14790120000  -3.305870   
147976   14797620000  -3.306064   
148051   14805120000  -3.306211   
148126   14812620000  -3.306410   
148201   14820120000  -3.306577   
148276   14827620000  -3.306793   
148351   14835120000  -3.306968   
148426   14842620000  -3.307133   
148501   14850120000  -3.307329   
148576   14857620000  -3.307498   
148651   14865120000  -3.307682   
148726   14872620000  -3.307878   
148801   14880120000  -3.308084   
148876   14887620000  -3.308272   
148951   14895120000  -3.308456   
149026   14902620000  -3.308658   
149101   14910120000  -3.308841   
149176   14917620000  -3.309032   
149251   14925120000  -3.309205   
149326   14932620000  -3.309399   
149401   14940120000  -3.309608   
149476   14947620000  -3.309775   
149551   14955120000  -3.309958   
149626   14962620000  -3.310126   
149701   14970120000  -3.310300   
149776   14977620000  -3.310479   
149851   14985120000  -3.310651   
149926   14992620000  -3.310849   
150000   15000020000  -3.311018   
