# Energy vs Function Calls Data
# Columns: Step, Total_Energy_Calls, U_max
# Generated on: 2025-06-13 15:59:15
# n_live_points: 20000
# n_correl_steps: 5
#
1        120000       63.991653   
76       7620000      63.522800   
151      15120000     63.163399   
226      22620000     62.782974   
301      30120000     62.483414   
376      37620000     62.206657   
451      45120000     61.826462   
526      52620000     61.486992   
601      60120000     61.155922   
676      67620000     60.806480   
751      75120000     60.445496   
826      82620000     60.087166   
901      90120000     59.829277   
976      97620000     59.521355   
1051     105120000    59.120121   
1126     112620000    58.810417   
1201     120120000    58.513611   
1276     127620000    58.201984   
1351     135120000    57.886539   
1426     142620000    57.589531   
1501     150120000    57.275421   
1576     157620000    57.016834   
1651     165120000    56.751450   
1726     172620000    56.448586   
1801     180120000    56.118862   
1876     187620000    55.809402   
1951     195120000    55.462864   
2026     202620000    55.159225   
2101     210120000    54.881592   
2176     217620000    54.607445   
2251     225120000    54.353867   
2326     232620000    54.084045   
2401     240120000    53.774460   
2476     247620000    53.514210   
2551     255120000    53.318886   
2626     262620000    52.911949   
2701     270120000    52.607723   
2776     277620000    52.321213   
2851     285120000    52.095451   
2926     292620000    51.825203   
3001     300120000    51.560905   
3076     307620000    51.307606   
3151     315120000    51.032375   
3226     322620000    50.738121   
3301     330120000    50.462013   
3376     337620000    50.245865   
3451     345120000    49.923447   
3526     352620000    49.652718   
3601     360120000    49.356251   
3676     367620000    49.120224   
3751     375120000    48.877960   
3826     382620000    48.581966   
3901     390120000    48.345108   
3976     397620000    48.091408   
4051     405120000    47.893135   
4126     412620000    47.649609   
4201     420120000    47.420692   
4276     427620000    47.163666   
4351     435120000    46.885292   
4426     442620000    46.669399   
4501     450120000    46.399860   
4576     457620000    46.082989   
4651     465120000    45.796562   
4726     472620000    45.551441   
4801     480120000    45.325218   
4876     487620000    45.082333   
4951     495120000    44.846642   
5026     502620000    44.654854   
5101     510120000    44.412994   
5176     517620000    44.200600   
5251     525120000    43.969193   
5326     532620000    43.745560   
5401     540120000    43.515022   
5476     547620000    43.276157   
5551     555120000    42.995770   
5626     562620000    42.750137   
5701     570120000    42.508171   
5776     577620000    42.259163   
5851     585120000    42.013828   
5926     592620000    41.768173   
6001     600120000    41.547710   
6076     607620000    41.291100   
6151     615120000    41.087406   
6226     622620000    40.890293   
6301     630120000    40.668976   
6376     637620000    40.439892   
6451     645120000    40.237930   
6526     652620000    40.030476   
6601     660120000    39.793884   
6676     667620000    39.576454   
6751     675120000    39.374310   
6826     682620000    39.135765   
6901     690120000    38.929932   
6976     697620000    38.688446   
7051     705120000    38.476173   
7126     712620000    38.304985   
7201     720120000    38.067253   
7276     727620000    37.868767   
7351     735120000    37.665108   
7426     742620000    37.446522   
7501     750120000    37.284336   
7576     757620000    37.072433   
7651     765120000    36.914936   
7726     772620000    36.707817   
7801     780120000    36.498062   
7876     787620000    36.267975   
7951     795120000    36.027252   
8026     802620000    35.815029   
8101     810120000    35.631706   
8176     817620000    35.471832   
8251     825120000    35.282482   
8326     832620000    35.072601   
8401     840120000    34.904137   
8476     847620000    34.692867   
8551     855120000    34.453369   
8626     862620000    34.256554   
8701     870120000    34.073669   
8776     877620000    33.891273   
8851     885120000    33.705566   
8926     892620000    33.543289   
9001     900120000    33.352562   
9076     907620000    33.144459   
9151     915120000    32.997463   
9226     922620000    32.803207   
9301     930120000    32.621689   
9376     937620000    32.423889   
9451     945120000    32.253304   
9526     952620000    32.076500   
9601     960120000    31.906189   
9676     967620000    31.715187   
9751     975120000    31.539642   
9826     982620000    31.368595   
9901     990120000    31.170292   
9976     997620000    30.972572   
10051    1005120000   30.826715   
10126    1012620000   30.643326   
10201    1020120000   30.467749   
10276    1027620000   30.328600   
10351    1035120000   30.152716   
10426    1042620000   29.992533   
10501    1050120000   29.845728   
10576    1057620000   29.679371   
10651    1065120000   29.522524   
10726    1072620000   29.387632   
10801    1080120000   29.261896   
10876    1087620000   29.127529   
10951    1095120000   28.980904   
11026    1102620000   28.786646   
11101    1110120000   28.619196   
11176    1117620000   28.471951   
11251    1125120000   28.306175   
11326    1132620000   28.154978   
11401    1140120000   28.010256   
11476    1147620000   27.842628   
11551    1155120000   27.677017   
11626    1162620000   27.541508   
11701    1170120000   27.401340   
11776    1177620000   27.248016   
11851    1185120000   27.125547   
11926    1192620000   26.983377   
12001    1200120000   26.854126   
12076    1207620000   26.717541   
12151    1215120000   26.570946   
12226    1222620000   26.418858   
12301    1230120000   26.284363   
12376    1237620000   26.140896   
12451    1245120000   25.995056   
12526    1252620000   25.839586   
12601    1260120000   25.701855   
12676    1267620000   25.568693   
12751    1275120000   25.418518   
12826    1282620000   25.300524   
12901    1290120000   25.173176   
12976    1297620000   25.043732   
13051    1305120000   24.927984   
13126    1312620000   24.795313   
13201    1320120000   24.658396   
13276    1327620000   24.509932   
13351    1335120000   24.373589   
13426    1342620000   24.231668   
13501    1350120000   24.102831   
13576    1357620000   23.981071   
13651    1365120000   23.836256   
13726    1372620000   23.698507   
13801    1380120000   23.561516   
13876    1387620000   23.430460   
13951    1395120000   23.323170   
14026    1402620000   23.198132   
14101    1410120000   23.076164   
14176    1417620000   22.941967   
14251    1425120000   22.822739   
14326    1432620000   22.702610   
14401    1440120000   22.567076   
14476    1447620000   22.439091   
14551    1455120000   22.306309   
14626    1462620000   22.182001   
14701    1470120000   22.084423   
14776    1477620000   21.939798   
14851    1485120000   21.819647   
14926    1492620000   21.710411   
15000    1500020000   21.605352   
15001    1500120000   21.605167   
15076    1507620000   21.503944   
15151    1515120000   21.385260   
15226    1522620000   21.286081   
15301    1530120000   21.156273   
15376    1537620000   21.039740   
15451    1545120000   20.917358   
15526    1552620000   20.796551   
15601    1560120000   20.700619   
15676    1567620000   20.605799   
15751    1575120000   20.472725   
15826    1582620000   20.359478   
15901    1590120000   20.225300   
15976    1597620000   20.109049   
16051    1605120000   20.002802   
16126    1612620000   19.907074   
16201    1620120000   19.809723   
16276    1627620000   19.695335   
16351    1635120000   19.579470   
16426    1642620000   19.471977   
16501    1650120000   19.374805   
16576    1657620000   19.251060   
16651    1665120000   19.161148   
16726    1672620000   19.074661   
16801    1680120000   18.968468   
16876    1687620000   18.865526   
16951    1695120000   18.763933   
17026    1702620000   18.660561   
17101    1710120000   18.561142   
17176    1717620000   18.469965   
17251    1725120000   18.373568   
17326    1732620000   18.264359   
17401    1740120000   18.165733   
17476    1747620000   18.072701   
17551    1755120000   17.977087   
17626    1762620000   17.867943   
17701    1770120000   17.766970   
17776    1777620000   17.677328   
17851    1785120000   17.576437   
17926    1792620000   17.469244   
18001    1800120000   17.367832   
18076    1807620000   17.274712   
18151    1815120000   17.184391   
18226    1822620000   17.075264   
18301    1830120000   16.974094   
18376    1837620000   16.858887   
18451    1845120000   16.767818   
18526    1852620000   16.670788   
18601    1860120000   16.577328   
18676    1867620000   16.486771   
18751    1875120000   16.404730   
18826    1882620000   16.319210   
18901    1890120000   16.223549   
18976    1897620000   16.151703   
19051    1905120000   16.051661   
19126    1912620000   15.969276   
19201    1920120000   15.874617   
19276    1927620000   15.788412   
19351    1935120000   15.702476   
19426    1942620000   15.612461   
19501    1950120000   15.528807   
19576    1957620000   15.457292   
19651    1965120000   15.360769   
19726    1972620000   15.274647   
19801    1980120000   15.174634   
19876    1987620000   15.093799   
19951    1995120000   15.016737   
20000    2000020000   14.967075   
20026    2002620000   14.941483   
20101    2010120000   14.859724   
20176    2017620000   14.773939   
20251    2025120000   14.697927   
20326    2032620000   14.614589   
20401    2040120000   14.547406   
20476    2047620000   14.461649   
20551    2055120000   14.369957   
20626    2062620000   14.283987   
20701    2070120000   14.185301   
20776    2077620000   14.103567   
20851    2085120000   14.016911   
20926    2092620000   13.942334   
21001    2100120000   13.868022   
21076    2107620000   13.797045   
21151    2115120000   13.716133   
21226    2122620000   13.653624   
21301    2130120000   13.588310   
21376    2137620000   13.536463   
21451    2145120000   13.474493   
21526    2152620000   13.413761   
21601    2160120000   13.352818   
21676    2167620000   13.281747   
21751    2175120000   13.216805   
21826    2182620000   13.132213   
21901    2190120000   13.065548   
21976    2197620000   12.984167   
22051    2205120000   12.917694   
22126    2212620000   12.831169   
22201    2220120000   12.763656   
22276    2227620000   12.684584   
22351    2235120000   12.599611   
22426    2242620000   12.539734   
22501    2250120000   12.474707   
22576    2257620000   12.402124   
22651    2265120000   12.338068   
22726    2272620000   12.274498   
22801    2280120000   12.215916   
22876    2287620000   12.156664   
22951    2295120000   12.100836   
23026    2302620000   12.039255   
23101    2310120000   11.971628   
23176    2317620000   11.903105   
23251    2325120000   11.834463   
23326    2332620000   11.762766   
23401    2340120000   11.692765   
23476    2347620000   11.624225   
23551    2355120000   11.563408   
23626    2362620000   11.508620   
23701    2370120000   11.452179   
23776    2377620000   11.372620   
23851    2385120000   11.304037   
23926    2392620000   11.251403   
24001    2400120000   11.194935   
24076    2407620000   11.133481   
24151    2415120000   11.070555   
24226    2422620000   11.012985   
24301    2430120000   10.952275   
24376    2437620000   10.891511   
24451    2445120000   10.834448   
24526    2452620000   10.766843   
24601    2460120000   10.709831   
24676    2467620000   10.648993   
24751    2475120000   10.590242   
24826    2482620000   10.542223   
24901    2490120000   10.483690   
24976    2497620000   10.419384   
25051    2505120000   10.369280   
25126    2512620000   10.311758   
25201    2520120000   10.261890   
25276    2527620000   10.205029   
25351    2535120000   10.148380   
25426    2542620000   10.093897   
25501    2550120000   10.045109   
25576    2557620000   9.994383    
25651    2565120000   9.937647    
25726    2572620000   9.880926    
25801    2580120000   9.832056    
25876    2587620000   9.783721    
25951    2595120000   9.729452    
26000    2600020000   9.692565    
26026    2602620000   9.673254    
26101    2610120000   9.625253    
26176    2617620000   9.569765    
26251    2625120000   9.516897    
26326    2632620000   9.466434    
26401    2640120000   9.428973    
26476    2647620000   9.384474    
26551    2655120000   9.346531    
26626    2662620000   9.288467    
26701    2670120000   9.236910    
26776    2677620000   9.187543    
26851    2685120000   9.134556    
26926    2692620000   9.083453    
27001    2700120000   9.034866    
27076    2707620000   8.991951    
27151    2715120000   8.945889    
27226    2722620000   8.899158    
27301    2730120000   8.847528    
27376    2737620000   8.788979    
27451    2745120000   8.735169    
27526    2752620000   8.680242    
27601    2760120000   8.629762    
27676    2767620000   8.584358    
27751    2775120000   8.539750    
27826    2782620000   8.495400    
27901    2790120000   8.440436    
27976    2797620000   8.405697    
28051    2805120000   8.364266    
28126    2812620000   8.323199    
28201    2820120000   8.273981    
28276    2827620000   8.238731    
28351    2835120000   8.195621    
28426    2842620000   8.147831    
28501    2850120000   8.114841    
28576    2857620000   8.076891    
28651    2865120000   8.043173    
28726    2872620000   8.002163    
28801    2880120000   7.967879    
28876    2887620000   7.931057    
28951    2895120000   7.891756    
29026    2902620000   7.848966    
29101    2910120000   7.806426    
29176    2917620000   7.766788    
29251    2925120000   7.732975    
29326    2932620000   7.693467    
29401    2940120000   7.647956    
29476    2947620000   7.611158    
29551    2955120000   7.576725    
29626    2962620000   7.535774    
29701    2970120000   7.501210    
29776    2977620000   7.459034    
29851    2985120000   7.419677    
29926    2992620000   7.390625    
30001    3000120000   7.360075    
30076    3007620000   7.328180    
30151    3015120000   7.294036    
30226    3022620000   7.263425    
30301    3030120000   7.220580    
30376    3037620000   7.173519    
30451    3045120000   7.136523    
30526    3052620000   7.106646    
30601    3060120000   7.073620    
30676    3067620000   7.037750    
30751    3075120000   7.004501    
30826    3082620000   6.961251    
30901    3090120000   6.936452    
30976    3097620000   6.902136    
31051    3105120000   6.867982    
31126    3112620000   6.835973    
31201    3120120000   6.796062    
31276    3127620000   6.760524    
31351    3135120000   6.729708    
31426    3142620000   6.698312    
31501    3150120000   6.656331    
31576    3157620000   6.622440    
31651    3165120000   6.590399    
31726    3172620000   6.559089    
31801    3180120000   6.531831    
31876    3187620000   6.501418    
31951    3195120000   6.472435    
32026    3202620000   6.443843    
32101    3210120000   6.411934    
32176    3217620000   6.373684    
32251    3225120000   6.347455    
32326    3232620000   6.311079    
32401    3240120000   6.280459    
32476    3247620000   6.248594    
32551    3255120000   6.213806    
32626    3262620000   6.184548    
32701    3270120000   6.155160    
32776    3277620000   6.123466    
32851    3285120000   6.087795    
32926    3292620000   6.057937    
33000    3300020000   6.022807    
33001    3300120000   6.022630    
33076    3307620000   5.992855    
33151    3315120000   5.961476    
33226    3322620000   5.929408    
33301    3330120000   5.899087    
33376    3337620000   5.864496    
33451    3345120000   5.835847    
33526    3352620000   5.806754    
33601    3360120000   5.778621    
33676    3367620000   5.756311    
33751    3375120000   5.729223    
33826    3382620000   5.702514    
33901    3390120000   5.679738    
33976    3397620000   5.651299    
34051    3405120000   5.621000    
34126    3412620000   5.589738    
34201    3420120000   5.565477    
34276    3427620000   5.536817    
34351    3435120000   5.513004    
34426    3442620000   5.482519    
34501    3450120000   5.457331    
34576    3457620000   5.431228    
34651    3465120000   5.402944    
34726    3472620000   5.375565    
34801    3480120000   5.350774    
34876    3487620000   5.321781    
34951    3495120000   5.299943    
35026    3502620000   5.276614    
35101    3510120000   5.254731    
35176    3517620000   5.233139    
35251    3525120000   5.209963    
35326    3532620000   5.184988    
35401    3540120000   5.161584    
35476    3547620000   5.137026    
35551    3555120000   5.114040    
35626    3562620000   5.086573    
35701    3570120000   5.066089    
35776    3577620000   5.044397    
35851    3585120000   5.020916    
35926    3592620000   4.994629    
36001    3600120000   4.970768    
36076    3607620000   4.948174    
36151    3615120000   4.924956    
36226    3622620000   4.902814    
36301    3630120000   4.881184    
36376    3637620000   4.857993    
36451    3645120000   4.833304    
36526    3652620000   4.809884    
36601    3660120000   4.787466    
36676    3667620000   4.761514    
36751    3675120000   4.741154    
36826    3682620000   4.720052    
36901    3690120000   4.700315    
36976    3697620000   4.682858    
37051    3705120000   4.662724    
37126    3712620000   4.638264    
37201    3720120000   4.620090    
37276    3727620000   4.601512    
37351    3735120000   4.584369    
37426    3742620000   4.565597    
37501    3750120000   4.541363    
37576    3757620000   4.520163    
37651    3765120000   4.502236    
37726    3772620000   4.483552    
37801    3780120000   4.462626    
37876    3787620000   4.445127    
37951    3795120000   4.421487    
38026    3802620000   4.404645    
38101    3810120000   4.386960    
38176    3817620000   4.371012    
38251    3825120000   4.346015    
38326    3832620000   4.325234    
38401    3840120000   4.303432    
38476    3847620000   4.284312    
38551    3855120000   4.267965    
38626    3862620000   4.250316    
38701    3870120000   4.236685    
38776    3877620000   4.219262    
38851    3885120000   4.202204    
38926    3892620000   4.183812    
39001    3900120000   4.167860    
39076    3907620000   4.150980    
39151    3915120000   4.133799    
39226    3922620000   4.118408    
39301    3930120000   4.103959    
39376    3937620000   4.087528    
39451    3945120000   4.070297    
39526    3952620000   4.054726    
39601    3960120000   4.036572    
39676    3967620000   4.022401    
39751    3975120000   4.007706    
39826    3982620000   3.989583    
39901    3990120000   3.973055    
39976    3997620000   3.953426    
40051    4005120000   3.936818    
40126    4012620000   3.921238    
40201    4020120000   3.906230    
40276    4027620000   3.891724    
40351    4035120000   3.877946    
40426    4042620000   3.860580    
40501    4050120000   3.843205    
40576    4057620000   3.827047    
40651    4065120000   3.811810    
40726    4072620000   3.797191    
40801    4080120000   3.784338    
40876    4087620000   3.770483    
40951    4095120000   3.758157    
41026    4102620000   3.742253    
41101    4110120000   3.726007    
41176    4117620000   3.711866    
41251    4125120000   3.697701    
41326    4132620000   3.683514    
41401    4140120000   3.669749    
41476    4147620000   3.654927    
41551    4155120000   3.639058    
41626    4162620000   3.629068    
41701    4170120000   3.614148    
41776    4177620000   3.603342    
41851    4185120000   3.590432    
41926    4192620000   3.577887    
42001    4200120000   3.565137    
42076    4207620000   3.551763    
42151    4215120000   3.538530    
42226    4222620000   3.526193    
42301    4230120000   3.514019    
42376    4237620000   3.501804    
42451    4245120000   3.488913    
42526    4252620000   3.476754    
42601    4260120000   3.466259    
42676    4267620000   3.457087    
42751    4275120000   3.442786    
42826    4282620000   3.431982    
42901    4290120000   3.419578    
42976    4297620000   3.408223    
43051    4305120000   3.397382    
43126    4312620000   3.387374    
43201    4320120000   3.376557    
43276    4327620000   3.366550    
43351    4335120000   3.357516    
43426    4342620000   3.346925    
43501    4350120000   3.337846    
43576    4357620000   3.328514    
43651    4365120000   3.319251    
43726    4372620000   3.308748    
43801    4380120000   3.299151    
43876    4387620000   3.291244    
43951    4395120000   3.281996    
44026    4402620000   3.274116    
44101    4410120000   3.266658    
44176    4417620000   3.260065    
44251    4425120000   3.250814    
44326    4432620000   3.241516    
44401    4440120000   3.233593    
44476    4447620000   3.227003    
44551    4455120000   3.220373    
44626    4462620000   3.214412    
44701    4470120000   3.208873    
44776    4477620000   3.202825    
44851    4485120000   3.197576    
44926    4492620000   3.192533    
45001    4500120000   3.187246    
45076    4507620000   3.180908    
45151    4515120000   3.173845    
45226    4522620000   3.167031    
45301    4530120000   3.160091    
45376    4537620000   3.153509    
45451    4545120000   3.145845    
45526    4552620000   3.140100    
45601    4560120000   3.131690    
45676    4567620000   3.123671    
45751    4575120000   3.114198    
45826    4582620000   3.106429    
45901    4590120000   3.098981    
45976    4597620000   3.092633    
46051    4605120000   3.084763    
46126    4612620000   3.077922    
46201    4620120000   3.069431    
46276    4627620000   3.062146    
46351    4635120000   3.052563    
46426    4642620000   3.044876    
46501    4650120000   3.038413    
46576    4657620000   3.029509    
46651    4665120000   3.020927    
46726    4672620000   3.012702    
46801    4680120000   3.002196    
46876    4687620000   2.993480    
46951    4695120000   2.984272    
47026    4702620000   2.975285    
47101    4710120000   2.966135    
47176    4717620000   2.959356    
47251    4725120000   2.950421    
47326    4732620000   2.941416    
47401    4740120000   2.934326    
47476    4747620000   2.925281    
47551    4755120000   2.917273    
47626    4762620000   2.907714    
47701    4770120000   2.898424    
47776    4777620000   2.888718    
47851    4785120000   2.879410    
47926    4792620000   2.869046    
48001    4800120000   2.859979    
48076    4807620000   2.850183    
48151    4815120000   2.842579    
48226    4822620000   2.833680    
48301    4830120000   2.825422    
48376    4837620000   2.815840    
48451    4845120000   2.808613    
48526    4852620000   2.801314    
48601    4860120000   2.793923    
48676    4867620000   2.786258    
48751    4875120000   2.776587    
48826    4882620000   2.768046    
48901    4890120000   2.759283    
48976    4897620000   2.751229    
49051    4905120000   2.742925    
49126    4912620000   2.734462    
49201    4920120000   2.724533    
49276    4927620000   2.713638    
49351    4935120000   2.704459    
49426    4942620000   2.696491    
49501    4950120000   2.686106    
49576    4957620000   2.676090    
49651    4965120000   2.668245    
49726    4972620000   2.659899    
49801    4980120000   2.650813    
49876    4987620000   2.642711    
49951    4995120000   2.631819    
50026    5002620000   2.623902    
50101    5010120000   2.615988    
50176    5017620000   2.608332    
50251    5025120000   2.600643    
50326    5032620000   2.590912    
50401    5040120000   2.573259    
50476    5047620000   2.555785    
50551    5055120000   2.540285    
50626    5062620000   2.524432    
50701    5070120000   2.505580    
50776    5077620000   2.490921    
50851    5085120000   2.472502    
50926    5092620000   2.452282    
51000    5100020000   2.439038    
51001    5100120000   2.438839    
51076    5107620000   2.421430    
51151    5115120000   2.403675    
51226    5122620000   2.386711    
51301    5130120000   2.373127    
51376    5137620000   2.355503    
51451    5145120000   2.337248    
51526    5152620000   2.317644    
51601    5160120000   2.302740    
51676    5167620000   2.285035    
51751    5175120000   2.266438    
51826    5182620000   2.253032    
51901    5190120000   2.236591    
51976    5197620000   2.218587    
52051    5205120000   2.202060    
52126    5212620000   2.185742    
52201    5220120000   2.171041    
52276    5227620000   2.155600    
52351    5235120000   2.136125    
52426    5242620000   2.122484    
52501    5250120000   2.105289    
52576    5257620000   2.087281    
52651    5265120000   2.071488    
52726    5272620000   2.057134    
52801    5280120000   2.040837    
52876    5287620000   2.023487    
52951    5295120000   2.007709    
53026    5302620000   1.992923    
53101    5310120000   1.975574    
53176    5317620000   1.958908    
53251    5325120000   1.944647    
53326    5332620000   1.927052    
53401    5340120000   1.911343    
53476    5347620000   1.896824    
53551    5355120000   1.882338    
53626    5362620000   1.866232    
53701    5370120000   1.849409    
53776    5377620000   1.834135    
53851    5385120000   1.817986    
53926    5392620000   1.799799    
54001    5400120000   1.780946    
54076    5407620000   1.764822    
54151    5415120000   1.747715    
54226    5422620000   1.729058    
54301    5430120000   1.710144    
54376    5437620000   1.698074    
54451    5445120000   1.681830    
54526    5452620000   1.667418    
54601    5460120000   1.649596    
54676    5467620000   1.633359    
54751    5475120000   1.617341    
54826    5482620000   1.599340    
54901    5490120000   1.584609    
54976    5497620000   1.567569    
55051    5505120000   1.551536    
55126    5512620000   1.536340    
55201    5520120000   1.522236    
55276    5527620000   1.505257    
55351    5535120000   1.492407    
55426    5542620000   1.474152    
55501    5550120000   1.459927    
55576    5557620000   1.445092    
55651    5565120000   1.431285    
55726    5572620000   1.417094    
55801    5580120000   1.403215    
55876    5587620000   1.389187    
55951    5595120000   1.372780    
56026    5602620000   1.357208    
56101    5610120000   1.341980    
56176    5617620000   1.329527    
56251    5625120000   1.314785    
56326    5632620000   1.297479    
56401    5640120000   1.282256    
56476    5647620000   1.269608    
56551    5655120000   1.255609    
56626    5662620000   1.241470    
56701    5670120000   1.229404    
56776    5677620000   1.215157    
56851    5685120000   1.201640    
56926    5692620000   1.185132    
57001    5700120000   1.169122    
57076    5707620000   1.152629    
57151    5715120000   1.136224    
57226    5722620000   1.122351    
57301    5730120000   1.108894    
57376    5737620000   1.091299    
57451    5745120000   1.077034    
57526    5752620000   1.062768    
57601    5760120000   1.046853    
57676    5767620000   1.032669    
57751    5775120000   1.014620    
57826    5782620000   0.996452    
57901    5790120000   0.984383    
57976    5797620000   0.969673    
58051    5805120000   0.956057    
58126    5812620000   0.940727    
58201    5820120000   0.926796    
58276    5827620000   0.911730    
58351    5835120000   0.899321    
58426    5842620000   0.884073    
58501    5850120000   0.870342    
58576    5857620000   0.854272    
58651    5865120000   0.839613    
58726    5872620000   0.822870    
58801    5880120000   0.807834    
58876    5887620000   0.791666    
58951    5895120000   0.775719    
59026    5902620000   0.757504    
59101    5910120000   0.741797    
59176    5917620000   0.729442    
59251    5925120000   0.715515    
59326    5932620000   0.702888    
59401    5940120000   0.689079    
59476    5947620000   0.675759    
59551    5955120000   0.661633    
59626    5962620000   0.646413    
59701    5970120000   0.634592    
59776    5977620000   0.620181    
59851    5985120000   0.606106    
59926    5992620000   0.590504    
60000    6000020000   0.576070    
60001    6000120000   0.575813    
60076    6007620000   0.561770    
60151    6015120000   0.548291    
60226    6022620000   0.537489    
60301    6030120000   0.524481    
60376    6037620000   0.511884    
60451    6045120000   0.499201    
60526    6052620000   0.487274    
60601    6060120000   0.473426    
60676    6067620000   0.456411    
60751    6075120000   0.445506    
60826    6082620000   0.432752    
60901    6090120000   0.419278    
60976    6097620000   0.406994    
61051    6105120000   0.393544    
61126    6112620000   0.381073    
61201    6120120000   0.367574    
61276    6127620000   0.355096    
61351    6135120000   0.342006    
61426    6142620000   0.327711    
61501    6150120000   0.313727    
61576    6157620000   0.302051    
61651    6165120000   0.286130    
61726    6172620000   0.275160    
61801    6180120000   0.263489    
61876    6187620000   0.250978    
61951    6195120000   0.236716    
62026    6202620000   0.224423    
62101    6210120000   0.213226    
62176    6217620000   0.201893    
62251    6225120000   0.190591    
62326    6232620000   0.178588    
62401    6240120000   0.167506    
62476    6247620000   0.154589    
62551    6255120000   0.141359    
62626    6262620000   0.128393    
62701    6270120000   0.115521    
62776    6277620000   0.102868    
62851    6285120000   0.092498    
62926    6292620000   0.079899    
63001    6300120000   0.067249    
63076    6307620000   0.055676    
63151    6315120000   0.040760    
63226    6322620000   0.029085    
63301    6330120000   0.017009    
63376    6337620000   0.004944    
63451    6345120000   -0.004500   
63526    6352620000   -0.015440   
63601    6360120000   -0.029162   
63676    6367620000   -0.040712   
63751    6375120000   -0.053952   
63826    6382620000   -0.065617   
63901    6390120000   -0.075809   
63976    6397620000   -0.089117   
64051    6405120000   -0.101236   
64126    6412620000   -0.111192   
64201    6420120000   -0.121819   
64276    6427620000   -0.131819   
64351    6435120000   -0.142560   
64426    6442620000   -0.152358   
64501    6450120000   -0.163460   
64576    6457620000   -0.174581   
64651    6465120000   -0.185793   
64726    6472620000   -0.197732   
64801    6480120000   -0.208905   
64876    6487620000   -0.217277   
64951    6495120000   -0.229460   
65026    6502620000   -0.238935   
65101    6510120000   -0.251151   
65176    6517620000   -0.262363   
65251    6525120000   -0.272410   
65326    6532620000   -0.282310   
65401    6540120000   -0.292679   
65476    6547620000   -0.303569   
65551    6555120000   -0.314548   
65626    6562620000   -0.326642   
65701    6570120000   -0.337345   
65776    6577620000   -0.349087   
65851    6585120000   -0.357898   
65926    6592620000   -0.367681   
66001    6600120000   -0.379994   
66076    6607620000   -0.388602   
66151    6615120000   -0.398725   
66226    6622620000   -0.407715   
66301    6630120000   -0.417237   
66376    6637620000   -0.427440   
66451    6645120000   -0.437227   
66526    6652620000   -0.450612   
66601    6660120000   -0.460390   
66676    6667620000   -0.469014   
66751    6675120000   -0.479511   
66826    6682620000   -0.489110   
66901    6690120000   -0.500234   
66976    6697620000   -0.513104   
67051    6705120000   -0.522833   
67126    6712620000   -0.534801   
67201    6720120000   -0.544375   
67276    6727620000   -0.553842   
67351    6735120000   -0.565193   
67426    6742620000   -0.574364   
67501    6750120000   -0.585055   
67576    6757620000   -0.594455   
67651    6765120000   -0.603813   
67726    6772620000   -0.614262   
67801    6780120000   -0.622721   
67876    6787620000   -0.631457   
67951    6795120000   -0.641164   
68026    6802620000   -0.651873   
68101    6810120000   -0.663471   
68176    6817620000   -0.673521   
68251    6825120000   -0.685063   
68326    6832620000   -0.695262   
68401    6840120000   -0.703070   
68476    6847620000   -0.710438   
68551    6855120000   -0.719841   
68626    6862620000   -0.729378   
68701    6870120000   -0.738854   
68776    6877620000   -0.748915   
68851    6885120000   -0.758204   
68926    6892620000   -0.767588   
69001    6900120000   -0.778670   
69076    6907620000   -0.785536   
69151    6915120000   -0.794452   
69226    6922620000   -0.803174   
69301    6930120000   -0.813576   
69376    6937620000   -0.823776   
69451    6945120000   -0.832887   
69526    6952620000   -0.842150   
69601    6960120000   -0.850446   
69676    6967620000   -0.857614   
69751    6975120000   -0.867583   
69826    6982620000   -0.877934   
69901    6990120000   -0.888313   
69976    6997620000   -0.895523   
70000    7000020000   -0.899334   
70051    7005120000   -0.905488   
70126    7012620000   -0.913449   
70201    7020120000   -0.921341   
70276    7027620000   -0.930871   
70351    7035120000   -0.938046   
70426    7042620000   -0.947204   
70501    7050120000   -0.956910   
70576    7057620000   -0.966333   
70651    7065120000   -0.973666   
70726    7072620000   -0.983050   
70801    7080120000   -0.992286   
70876    7087620000   -1.000422   
70951    7095120000   -1.008288   
71026    7102620000   -1.016380   
71101    7110120000   -1.025225   
71176    7117620000   -1.033732   
71251    7125120000   -1.042595   
71326    7132620000   -1.050635   
71401    7140120000   -1.058656   
71476    7147620000   -1.067453   
71551    7155120000   -1.077462   
71626    7162620000   -1.084901   
71701    7170120000   -1.092295   
71776    7177620000   -1.100749   
71851    7185120000   -1.109533   
71926    7192620000   -1.118374   
72001    7200120000   -1.127627   
72076    7207620000   -1.134973   
72151    7215120000   -1.142625   
72226    7222620000   -1.150128   
72301    7230120000   -1.158145   
72376    7237620000   -1.166133   
72451    7245120000   -1.173478   
72526    7252620000   -1.181053   
72601    7260120000   -1.190011   
72676    7267620000   -1.197527   
72751    7275120000   -1.205659   
72826    7282620000   -1.213900   
72901    7290120000   -1.221763   
72976    7297620000   -1.229575   
73051    7305120000   -1.237077   
73126    7312620000   -1.244251   
73201    7320120000   -1.252667   
73276    7327620000   -1.262008   
73351    7335120000   -1.270196   
73426    7342620000   -1.278167   
73501    7350120000   -1.286680   
73576    7357620000   -1.294476   
73651    7365120000   -1.300725   
73726    7372620000   -1.307407   
73801    7380120000   -1.314439   
73876    7387620000   -1.321050   
73951    7395120000   -1.329169   
74026    7402620000   -1.336634   
74101    7410120000   -1.345937   
74176    7417620000   -1.353455   
74251    7425120000   -1.360358   
74326    7432620000   -1.367142   
74401    7440120000   -1.374378   
74476    7447620000   -1.381599   
74551    7455120000   -1.388409   
74626    7462620000   -1.395835   
74701    7470120000   -1.402441   
74776    7477620000   -1.408964   
74851    7485120000   -1.417107   
74926    7492620000   -1.423843   
75001    7500120000   -1.430943   
75076    7507620000   -1.439081   
75151    7515120000   -1.446064   
75226    7522620000   -1.453885   
75301    7530120000   -1.461728   
75376    7537620000   -1.468694   
75451    7545120000   -1.474108   
75526    7552620000   -1.481067   
75601    7560120000   -1.487332   
75676    7567620000   -1.493399   
75751    7575120000   -1.499712   
75826    7582620000   -1.505304   
75901    7590120000   -1.511557   
75976    7597620000   -1.518196   
76051    7605120000   -1.525649   
76126    7612620000   -1.531865   
76201    7620120000   -1.537587   
76276    7627620000   -1.543681   
76351    7635120000   -1.549575   
76426    7642620000   -1.555811   
76501    7650120000   -1.562034   
76576    7657620000   -1.567817   
76651    7665120000   -1.574201   
76726    7672620000   -1.580527   
76801    7680120000   -1.586812   
76876    7687620000   -1.594723   
76951    7695120000   -1.601242   
77026    7702620000   -1.607142   
77101    7710120000   -1.613413   
77176    7717620000   -1.620351   
77251    7725120000   -1.626451   
77326    7732620000   -1.633368   
77401    7740120000   -1.640680   
77476    7747620000   -1.647680   
77551    7755120000   -1.654637   
77626    7762620000   -1.660816   
77701    7770120000   -1.666864   
77776    7777620000   -1.672695   
77851    7785120000   -1.680146   
77926    7792620000   -1.685538   
78001    7800120000   -1.692679   
78076    7807620000   -1.699037   
78151    7815120000   -1.704866   
78226    7822620000   -1.710586   
78301    7830120000   -1.715969   
78376    7837620000   -1.722792   
78451    7845120000   -1.729091   
78526    7852620000   -1.733933   
78601    7860120000   -1.739019   
78676    7867620000   -1.744193   
78751    7875120000   -1.749281   
78826    7882620000   -1.754946   
78901    7890120000   -1.759614   
78976    7897620000   -1.765426   
79051    7905120000   -1.770419   
79126    7912620000   -1.775054   
79201    7920120000   -1.781088   
79276    7927620000   -1.785935   
79351    7935120000   -1.790445   
79426    7942620000   -1.798445   
79501    7950120000   -1.803605   
79576    7957620000   -1.808851   
79651    7965120000   -1.813380   
79726    7972620000   -1.818063   
79801    7980120000   -1.822931   
79876    7987620000   -1.828227   
79951    7995120000   -1.834441   
80026    8002620000   -1.839717   
80101    8010120000   -1.844723   
80176    8017620000   -1.852034   
80251    8025120000   -1.857113   
80326    8032620000   -1.861753   
80401    8040120000   -1.866440   
80476    8047620000   -1.872382   
80551    8055120000   -1.876812   
80626    8062620000   -1.882948   
80701    8070120000   -1.887486   
80776    8077620000   -1.893838   
80851    8085120000   -1.898998   
80926    8092620000   -1.905069   
81000    8100020000   -1.911352   
81001    8100120000   -1.911463   
81076    8107620000   -1.916900   
81151    8115120000   -1.921825   
81226    8122620000   -1.928254   
81301    8130120000   -1.933491   
81376    8137620000   -1.938426   
81451    8145120000   -1.943588   
81526    8152620000   -1.949355   
81601    8160120000   -1.955401   
81676    8167620000   -1.960488   
81751    8175120000   -1.965559   
81826    8182620000   -1.970345   
81901    8190120000   -1.975497   
81976    8197620000   -1.980998   
82051    8205120000   -1.986174   
82126    8212620000   -1.991822   
82201    8220120000   -1.997041   
82276    8227620000   -2.002417   
82351    8235120000   -2.007157   
82426    8242620000   -2.012287   
82501    8250120000   -2.017893   
82576    8257620000   -2.022784   
82651    8265120000   -2.027268   
82726    8272620000   -2.032353   
82801    8280120000   -2.037733   
82876    8287620000   -2.042411   
82951    8295120000   -2.047023   
83026    8302620000   -2.051328   
83101    8310120000   -2.055383   
83176    8317620000   -2.059855   
83251    8325120000   -2.065082   
83326    8332620000   -2.069432   
83401    8340120000   -2.073965   
83476    8347620000   -2.079073   
83551    8355120000   -2.083848   
83626    8362620000   -2.089204   
83701    8370120000   -2.093445   
83776    8377620000   -2.097945   
83851    8385120000   -2.102591   
83926    8392620000   -2.107180   
84001    8400120000   -2.112769   
84076    8407620000   -2.117265   
84151    8415120000   -2.121670   
84226    8422620000   -2.127074   
84301    8430120000   -2.131797   
84376    8437620000   -2.135782   
84451    8445120000   -2.140658   
84526    8452620000   -2.144645   
84601    8460120000   -2.149075   
84676    8467620000   -2.153983   
84751    8475120000   -2.158572   
84826    8482620000   -2.163268   
84901    8490120000   -2.166822   
84976    8497620000   -2.171746   
85051    8505120000   -2.175840   
85126    8512620000   -2.179605   
85201    8520120000   -2.183666   
85276    8527620000   -2.187488   
85351    8535120000   -2.191657   
85426    8542620000   -2.195315   
85501    8550120000   -2.199227   
85576    8557620000   -2.203140   
85651    8565120000   -2.207042   
85726    8572620000   -2.210843   
85801    8580120000   -2.215030   
85876    8587620000   -2.219443   
85951    8595120000   -2.222972   
86026    8602620000   -2.226907   
86101    8610120000   -2.231575   
86176    8617620000   -2.235116   
86251    8625120000   -2.239366   
86326    8632620000   -2.242887   
86401    8640120000   -2.247014   
86476    8647620000   -2.251507   
86551    8655120000   -2.254614   
86626    8662620000   -2.258282   
86701    8670120000   -2.262339   
86776    8677620000   -2.266160   
86851    8685120000   -2.270405   
86926    8692620000   -2.274215   
87001    8700120000   -2.277952   
87076    8707620000   -2.281455   
87151    8715120000   -2.285487   
87226    8722620000   -2.290189   
87301    8730120000   -2.293940   
87376    8737620000   -2.298414   
87451    8745120000   -2.302532   
87526    8752620000   -2.306628   
87601    8760120000   -2.310435   
87676    8767620000   -2.313905   
87751    8775120000   -2.317917   
87826    8782620000   -2.321003   
87901    8790120000   -2.325112   
87976    8797620000   -2.329717   
88051    8805120000   -2.334250   
88126    8812620000   -2.338016   
88201    8820120000   -2.341850   
88276    8827620000   -2.345417   
88351    8835120000   -2.348810   
88426    8842620000   -2.352495   
88501    8850120000   -2.356360   
88576    8857620000   -2.360457   
88651    8865120000   -2.364391   
88726    8872620000   -2.367853   
88801    8880120000   -2.371170   
88876    8887620000   -2.374934   
88951    8895120000   -2.378750   
89026    8902620000   -2.382953   
89101    8910120000   -2.386537   
89176    8917620000   -2.389940   
89251    8925120000   -2.393538   
89326    8932620000   -2.397562   
89401    8940120000   -2.401014   
89476    8947620000   -2.404385   
89551    8955120000   -2.407873   
89626    8962620000   -2.411158   
89701    8970120000   -2.414781   
89776    8977620000   -2.418754   
89851    8985120000   -2.421614   
89926    8992620000   -2.425011   
90001    9000120000   -2.429033   
90076    9007620000   -2.432201   
90151    9015120000   -2.435815   
90226    9022620000   -2.438972   
90301    9030120000   -2.442296   
90376    9037620000   -2.446260   
90451    9045120000   -2.449601   
90526    9052620000   -2.452906   
90601    9060120000   -2.456078   
90676    9067620000   -2.459631   
90751    9075120000   -2.463052   
90826    9082620000   -2.466798   
90901    9090120000   -2.469966   
90976    9097620000   -2.472886   
91051    9105120000   -2.476227   
91126    9112620000   -2.479597   
91201    9120120000   -2.483123   
91276    9127620000   -2.486293   
91351    9135120000   -2.489485   
91426    9142620000   -2.493148   
91501    9150120000   -2.496764   
91576    9157620000   -2.499695   
91651    9165120000   -2.502781   
91726    9172620000   -2.505965   
91801    9180120000   -2.510620   
91876    9187620000   -2.513020   
91951    9195120000   -2.515695   
92000    9200020000   -2.518392   
92026    9202620000   -2.519372   
92101    9210120000   -2.522725   
92176    9217620000   -2.525969   
92251    9225120000   -2.529042   
92326    9232620000   -2.531718   
92401    9240120000   -2.534847   
92476    9247620000   -2.537490   
92551    9255120000   -2.540367   
92626    9262620000   -2.543553   
92701    9270120000   -2.546374   
92776    9277620000   -2.549417   
92851    9285120000   -2.552336   
92926    9292620000   -2.555136   
93001    9300120000   -2.558048   
93076    9307620000   -2.560511   
93151    9315120000   -2.563067   
93226    9322620000   -2.566074   
93301    9330120000   -2.569443   
93376    9337620000   -2.572879   
93451    9345120000   -2.575133   
93526    9352620000   -2.577542   
93601    9360120000   -2.580250   
93676    9367620000   -2.583289   
93751    9375120000   -2.585832   
93826    9382620000   -2.589068   
93901    9390120000   -2.591923   
93976    9397620000   -2.594515   
94051    9405120000   -2.597126   
94126    9412620000   -2.599827   
94201    9420120000   -2.602413   
94276    9427620000   -2.605118   
94351    9435120000   -2.607934   
94426    9442620000   -2.610591   
94501    9450120000   -2.613342   
94576    9457620000   -2.616073   
94651    9465120000   -2.618364   
94726    9472620000   -2.620872   
94801    9480120000   -2.623760   
94876    9487620000   -2.626762   
94951    9495120000   -2.629572   
95026    9502620000   -2.632022   
95101    9510120000   -2.634554   
95176    9517620000   -2.637219   
95251    9525120000   -2.639618   
95326    9532620000   -2.641913   
95401    9540120000   -2.644464   
95476    9547620000   -2.646845   
95551    9555120000   -2.649773   
95626    9562620000   -2.652246   
95701    9570120000   -2.654904   
95776    9577620000   -2.657735   
95851    9585120000   -2.660386   
95926    9592620000   -2.662927   
96001    9600120000   -2.665403   
96076    9607620000   -2.667737   
96151    9615120000   -2.670174   
96226    9622620000   -2.672421   
96301    9630120000   -2.674530   
96376    9637620000   -2.677155   
96451    9645120000   -2.679951   
96526    9652620000   -2.682343   
96601    9660120000   -2.684809   
96676    9667620000   -2.686717   
96751    9675120000   -2.689090   
96826    9682620000   -2.691067   
96901    9690120000   -2.693976   
96976    9697620000   -2.696355   
97051    9705120000   -2.699017   
97126    9712620000   -2.701190   
97201    9720120000   -2.703478   
97276    9727620000   -2.705436   
97351    9735120000   -2.708155   
97426    9742620000   -2.710434   
97501    9750120000   -2.712878   
97576    9757620000   -2.714935   
97651    9765120000   -2.717063   
97726    9772620000   -2.718969   
97801    9780120000   -2.721146   
97876    9787620000   -2.723924   
97951    9795120000   -2.726021   
98026    9802620000   -2.728009   
98101    9810120000   -2.730421   
98176    9817620000   -2.733012   
98251    9825120000   -2.735318   
98326    9832620000   -2.737298   
98401    9840120000   -2.739639   
98476    9847620000   -2.741584   
98551    9855120000   -2.743745   
98626    9862620000   -2.746231   
98701    9870120000   -2.748631   
98776    9877620000   -2.750409   
98851    9885120000   -2.752622   
98926    9892620000   -2.755272   
99001    9900120000   -2.757664   
99076    9907620000   -2.759976   
99151    9915120000   -2.761650   
99226    9922620000   -2.763509   
99301    9930120000   -2.766001   
99376    9937620000   -2.768008   
99451    9945120000   -2.770299   
99526    9952620000   -2.772591   
99601    9960120000   -2.774422   
99676    9967620000   -2.776534   
99751    9975120000   -2.778663   
99826    9982620000   -2.780798   
99901    9990120000   -2.782760   
99976    9997620000   -2.784569   
100051   10005120000  -2.786619   
100126   10012620000  -2.788592   
100201   10020120000  -2.790766   
100276   10027620000  -2.792803   
100351   10035120000  -2.794996   
100426   10042620000  -2.796738   
100501   10050120000  -2.799107   
100576   10057620000  -2.801424   
100651   10065120000  -2.803498   
100726   10072620000  -2.805776   
100801   10080120000  -2.807734   
100876   10087620000  -2.809420   
100951   10095120000  -2.811114   
101026   10102620000  -2.813050   
101101   10110120000  -2.814800   
101176   10117620000  -2.817217   
101251   10125120000  -2.819204   
101326   10132620000  -2.821253   
101401   10140120000  -2.823397   
101476   10147620000  -2.825758   
101551   10155120000  -2.827569   
101626   10162620000  -2.829372   
101701   10170120000  -2.831236   
101776   10177620000  -2.833230   
101851   10185120000  -2.835481   
101926   10192620000  -2.837470   
102001   10200120000  -2.839286   
102076   10207620000  -2.841530   
102151   10215120000  -2.843014   
102226   10222620000  -2.845201   
102301   10230120000  -2.847501   
102376   10237620000  -2.849625   
102451   10245120000  -2.851453   
102526   10252620000  -2.853415   
102601   10260120000  -2.855389   
102676   10267620000  -2.857201   
102751   10275120000  -2.859272   
102826   10282620000  -2.861271   
102901   10290120000  -2.863313   
102976   10297620000  -2.865424   
103051   10305120000  -2.867321   
103126   10312620000  -2.869184   
103201   10320120000  -2.871028   
103276   10327620000  -2.872366   
103351   10335120000  -2.874183   
103426   10342620000  -2.876152   
103501   10350120000  -2.878018   
103576   10357620000  -2.879883   
103651   10365120000  -2.881768   
103726   10372620000  -2.883008   
103801   10380120000  -2.884254   
103876   10387620000  -2.886158   
103951   10395120000  -2.887705   
104026   10402620000  -2.889628   
104101   10410120000  -2.891212   
104176   10417620000  -2.893067   
104251   10425120000  -2.894825   
104326   10432620000  -2.896559   
104401   10440120000  -2.898337   
104476   10447620000  -2.900264   
104551   10455120000  -2.902180   
104626   10462620000  -2.903878   
104701   10470120000  -2.905547   
104776   10477620000  -2.907462   
104851   10485120000  -2.909388   
104926   10492620000  -2.911051   
105001   10500120000  -2.912745   
105076   10507620000  -2.914278   
105151   10515120000  -2.915767   
105226   10522620000  -2.917590   
105301   10530120000  -2.919308   
105376   10537620000  -2.921510   
105451   10545120000  -2.923298   
105526   10552620000  -2.924790   
105601   10560120000  -2.926198   
105676   10567620000  -2.927839   
105751   10575120000  -2.929246   
105826   10582620000  -2.930906   
105901   10590120000  -2.932531   
105976   10597620000  -2.934316   
106051   10605120000  -2.936194   
106126   10612620000  -2.937793   
106201   10620120000  -2.939065   
106276   10627620000  -2.940495   
106351   10635120000  -2.942312   
106426   10642620000  -2.943634   
106501   10650120000  -2.945268   
106576   10657620000  -2.946605   
106651   10665120000  -2.948066   
106726   10672620000  -2.949572   
106801   10680120000  -2.951213   
106876   10687620000  -2.952512   
106951   10695120000  -2.954108   
107026   10702620000  -2.955605   
107101   10710120000  -2.957103   
107176   10717620000  -2.958717   
107251   10725120000  -2.960303   
107326   10732620000  -2.961550   
107401   10740120000  -2.962982   
107476   10747620000  -2.964310   
107551   10755120000  -2.965660   
107626   10762620000  -2.967197   
107701   10770120000  -2.968479   
107776   10777620000  -2.970050   
107851   10785120000  -2.971645   
107926   10792620000  -2.973070   
108001   10800120000  -2.974247   
108076   10807620000  -2.975385   
108151   10815120000  -2.976863   
108226   10822620000  -2.978140   
108301   10830120000  -2.979444   
108376   10837620000  -2.980850   
108451   10845120000  -2.982371   
108526   10852620000  -2.983878   
108601   10860120000  -2.985169   
108676   10867620000  -2.986577   
108751   10875120000  -2.987884   
108826   10882620000  -2.989131   
108901   10890120000  -2.990391   
108976   10897620000  -2.991635   
109051   10905120000  -2.992780   
109126   10912620000  -2.994277   
109201   10920120000  -2.995524   
109276   10927620000  -2.997198   
109351   10935120000  -2.998500   
109426   10942620000  -2.999693   
109501   10950120000  -3.001108   
109576   10957620000  -3.002638   
109651   10965120000  -3.003946   
109726   10972620000  -3.005069   
109801   10980120000  -3.006494   
109876   10987620000  -3.007811   
109951   10995120000  -3.009143   
110026   11002620000  -3.010423   
110101   11010120000  -3.011696   
110176   11017620000  -3.012783   
110251   11025120000  -3.014100   
110326   11032620000  -3.015462   
110401   11040120000  -3.016909   
110476   11047620000  -3.018128   
110551   11055120000  -3.019313   
110626   11062620000  -3.020950   
110701   11070120000  -3.022360   
110776   11077620000  -3.023633   
110851   11085120000  -3.024720   
110926   11092620000  -3.026142   
111001   11100120000  -3.027294   
111076   11107620000  -3.028794   
111151   11115120000  -3.030295   
111226   11122620000  -3.031586   
111301   11130120000  -3.032878   
111376   11137620000  -3.034216   
111451   11145120000  -3.035426   
111526   11152620000  -3.036383   
111601   11160120000  -3.037954   
111676   11167620000  -3.039161   
111751   11175120000  -3.040440   
111826   11182620000  -3.041489   
111901   11190120000  -3.042737   
111976   11197620000  -3.043790   
112051   11205120000  -3.044815   
112126   11212620000  -3.046073   
112201   11220120000  -3.047622   
112276   11227620000  -3.048717   
112351   11235120000  -3.049679   
112426   11242620000  -3.050687   
112501   11250120000  -3.051683   
112576   11257620000  -3.052795   
112651   11265120000  -3.054004   
112726   11272620000  -3.055361   
112801   11280120000  -3.056393   
112876   11287620000  -3.057637   
112951   11295120000  -3.059185   
113026   11302620000  -3.060455   
113101   11310120000  -3.061509   
113176   11317620000  -3.062802   
113251   11325120000  -3.063867   
113326   11332620000  -3.064867   
113401   11340120000  -3.065811   
113476   11347620000  -3.066818   
113551   11355120000  -3.067920   
113626   11362620000  -3.068961   
113701   11370120000  -3.069909   
113776   11377620000  -3.070777   
113851   11385120000  -3.071871   
113926   11392620000  -3.072906   
114001   11400120000  -3.074086   
114076   11407620000  -3.075146   
114151   11415120000  -3.076103   
114226   11422620000  -3.077420   
114301   11430120000  -3.078413   
114376   11437620000  -3.079486   
114451   11445120000  -3.080521   
114526   11452620000  -3.081683   
114601   11460120000  -3.082581   
114676   11467620000  -3.083711   
114751   11475120000  -3.084661   
114826   11482620000  -3.085483   
114901   11490120000  -3.086713   
114976   11497620000  -3.087874   
115051   11505120000  -3.088682   
115126   11512620000  -3.089598   
115201   11520120000  -3.090748   
115276   11527620000  -3.091872   
115351   11535120000  -3.092884   
115426   11542620000  -3.094071   
115501   11550120000  -3.095058   
115576   11557620000  -3.095876   
115651   11565120000  -3.096916   
115726   11572620000  -3.097907   
115801   11580120000  -3.098790   
115876   11587620000  -3.099690   
115951   11595120000  -3.100656   
116026   11602620000  -3.102001   
116101   11610120000  -3.102689   
116176   11617620000  -3.103710   
116251   11625120000  -3.104727   
116326   11632620000  -3.105704   
116401   11640120000  -3.106585   
116476   11647620000  -3.107611   
116551   11655120000  -3.108485   
116626   11662620000  -3.109267   
116701   11670120000  -3.110232   
116776   11677620000  -3.111343   
116851   11685120000  -3.112216   
116926   11692620000  -3.113209   
117001   11700120000  -3.114030   
117076   11707620000  -3.114833   
117151   11715120000  -3.115702   
117226   11722620000  -3.116752   
117301   11730120000  -3.117661   
117376   11737620000  -3.118406   
117451   11745120000  -3.119414   
117526   11752620000  -3.120112   
117601   11760120000  -3.121084   
117676   11767620000  -3.122030   
117751   11775120000  -3.122906   
117826   11782620000  -3.123698   
117901   11790120000  -3.124490   
117976   11797620000  -3.125220   
118051   11805120000  -3.126170   
118126   11812620000  -3.127077   
118201   11820120000  -3.128078   
118276   11827620000  -3.128916   
118351   11835120000  -3.129808   
118426   11842620000  -3.130630   
118501   11850120000  -3.131390   
118576   11857620000  -3.132288   
118651   11865120000  -3.133238   
118726   11872620000  -3.134079   
118801   11880120000  -3.134914   
118876   11887620000  -3.135816   
118951   11895120000  -3.136713   
119026   11902620000  -3.137504   
119101   11910120000  -3.138396   
119176   11917620000  -3.139177   
119251   11925120000  -3.139927   
119326   11932620000  -3.140604   
119401   11940120000  -3.141458   
119476   11947620000  -3.142180   
119551   11955120000  -3.143060   
119626   11962620000  -3.143929   
119701   11970120000  -3.144684   
119776   11977620000  -3.145578   
119851   11985120000  -3.146479   
119926   11992620000  -3.147355   
120001   12000120000  -3.148149   
120076   12007620000  -3.148894   
120151   12015120000  -3.149628   
120226   12022620000  -3.150425   
120301   12030120000  -3.151169   
120376   12037620000  -3.151830   
120451   12045120000  -3.152654   
120526   12052620000  -3.153406   
120601   12060120000  -3.154118   
120676   12067620000  -3.154829   
120751   12075120000  -3.155578   
120826   12082620000  -3.156423   
120901   12090120000  -3.157280   
120976   12097620000  -3.158039   
121051   12105120000  -3.158856   
121126   12112620000  -3.159648   
121201   12120120000  -3.160304   
121276   12127620000  -3.161146   
121351   12135120000  -3.161999   
121426   12142620000  -3.162849   
121501   12150120000  -3.163479   
121576   12157620000  -3.164326   
121651   12165120000  -3.165036   
121726   12172620000  -3.165688   
121801   12180120000  -3.166365   
121876   12187620000  -3.166971   
121951   12195120000  -3.167696   
122026   12202620000  -3.168456   
122101   12210120000  -3.169226   
122176   12217620000  -3.169986   
122251   12225120000  -3.170592   
122326   12232620000  -3.171220   
122401   12240120000  -3.171836   
122476   12247620000  -3.172668   
122551   12255120000  -3.173385   
122626   12262620000  -3.174109   
122701   12270120000  -3.174773   
122776   12277620000  -3.175484   
122851   12285120000  -3.176198   
122926   12292620000  -3.176919   
123001   12300120000  -3.177580   
123076   12307620000  -3.178218   
123151   12315120000  -3.178809   
123226   12322620000  -3.179424   
123301   12330120000  -3.180018   
123376   12337620000  -3.180764   
123451   12345120000  -3.181359   
123526   12352620000  -3.182095   
123601   12360120000  -3.182777   
123676   12367620000  -3.183457   
123751   12375120000  -3.184191   
123826   12382620000  -3.184876   
123901   12390120000  -3.185552   
123976   12397620000  -3.186196   
124051   12405120000  -3.186783   
124126   12412620000  -3.187431   
124201   12420120000  -3.188127   
124276   12427620000  -3.188876   
124351   12435120000  -3.189598   
124426   12442620000  -3.190219   
124501   12450120000  -3.190878   
124576   12457620000  -3.191543   
124651   12465120000  -3.192266   
124726   12472620000  -3.192845   
124801   12480120000  -3.193444   
124876   12487620000  -3.194197   
124951   12495120000  -3.194920   
125026   12502620000  -3.195454   
125101   12510120000  -3.196093   
125176   12517620000  -3.196632   
125251   12525120000  -3.197236   
125326   12532620000  -3.197920   
125401   12540120000  -3.198449   
125476   12547620000  -3.199074   
125551   12555120000  -3.199741   
125626   12562620000  -3.200523   
125701   12570120000  -3.201067   
125776   12577620000  -3.201616   
125851   12585120000  -3.202123   
125926   12592620000  -3.202620   
126001   12600120000  -3.203181   
126076   12607620000  -3.203765   
126151   12615120000  -3.204315   
126226   12622620000  -3.204848   
126301   12630120000  -3.205557   
126376   12637620000  -3.206201   
126451   12645120000  -3.206790   
126526   12652620000  -3.207278   
126601   12660120000  -3.207945   
126676   12667620000  -3.208594   
126751   12675120000  -3.209076   
126826   12682620000  -3.209646   
126901   12690120000  -3.210256   
126976   12697620000  -3.210886   
127051   12705120000  -3.211465   
127126   12712620000  -3.212038   
127201   12720120000  -3.212612   
127276   12727620000  -3.213213   
127351   12735120000  -3.213827   
127426   12742620000  -3.214358   
127501   12750120000  -3.215020   
127576   12757620000  -3.215576   
127651   12765120000  -3.216125   
127726   12772620000  -3.216624   
127801   12780120000  -3.217153   
127876   12787620000  -3.217751   
127951   12795120000  -3.218275   
128026   12802620000  -3.218833   
128101   12810120000  -3.219405   
128176   12817620000  -3.219851   
128251   12825120000  -3.220407   
128326   12832620000  -3.220971   
128401   12840120000  -3.221560   
128476   12847620000  -3.222084   
128551   12855120000  -3.222624   
128626   12862620000  -3.223147   
128701   12870120000  -3.223567   
128776   12877620000  -3.224159   
128851   12885120000  -3.224614   
128926   12892620000  -3.225202   
129001   12900120000  -3.225740   
129076   12907620000  -3.226259   
129151   12915120000  -3.226735   
129226   12922620000  -3.227200   
129301   12930120000  -3.227556   
129376   12937620000  -3.227996   
129451   12945120000  -3.228512   
129526   12952620000  -3.229044   
129601   12960120000  -3.229590   
129676   12967620000  -3.230114   
129751   12975120000  -3.230611   
129826   12982620000  -3.231135   
129901   12990120000  -3.231615   
129976   12997620000  -3.232110   
130051   13005120000  -3.232644   
130126   13012620000  -3.233047   
130201   13020120000  -3.233552   
130276   13027620000  -3.234016   
130351   13035120000  -3.234482   
130426   13042620000  -3.234985   
130501   13050120000  -3.235490   
130576   13057620000  -3.235909   
130651   13065120000  -3.236367   
130726   13072620000  -3.236779   
130801   13080120000  -3.237308   
130876   13087620000  -3.237825   
130951   13095120000  -3.238258   
131026   13102620000  -3.238778   
131101   13110120000  -3.239205   
131176   13117620000  -3.239591   
131251   13125120000  -3.240003   
131326   13132620000  -3.240394   
131401   13140120000  -3.240851   
131476   13147620000  -3.241163   
131551   13155120000  -3.241570   
131626   13162620000  -3.241980   
131701   13170120000  -3.242405   
131776   13177620000  -3.242864   
131851   13185120000  -3.243329   
131926   13192620000  -3.243699   
132001   13200120000  -3.244056   
132076   13207620000  -3.244585   
132151   13215120000  -3.245108   
132226   13222620000  -3.245516   
132301   13230120000  -3.245955   
132376   13237620000  -3.246439   
132451   13245120000  -3.246854   
132526   13252620000  -3.247210   
132601   13260120000  -3.247643   
132676   13267620000  -3.248120   
132751   13275120000  -3.248508   
132826   13282620000  -3.248951   
132901   13290120000  -3.249351   
132976   13297620000  -3.249801   
133051   13305120000  -3.250234   
133126   13312620000  -3.250697   
133201   13320120000  -3.251064   
133276   13327620000  -3.251474   
133351   13335120000  -3.251857   
133426   13342620000  -3.252227   
133501   13350120000  -3.252524   
133576   13357620000  -3.252976   
133651   13365120000  -3.253369   
133726   13372620000  -3.253765   
133801   13380120000  -3.254155   
133876   13387620000  -3.254656   
133951   13395120000  -3.255029   
134026   13402620000  -3.255460   
134101   13410120000  -3.255923   
134176   13417620000  -3.256302   
134251   13425120000  -3.256752   
134326   13432620000  -3.257151   
134401   13440120000  -3.257500   
134476   13447620000  -3.257818   
134551   13455120000  -3.258205   
134626   13462620000  -3.258558   
134701   13470120000  -3.258975   
134776   13477620000  -3.259311   
134851   13485120000  -3.259678   
134926   13492620000  -3.260104   
135001   13500120000  -3.260538   
135076   13507620000  -3.260929   
135151   13515120000  -3.261282   
135226   13522620000  -3.261668   
135301   13530120000  -3.262000   
135376   13537620000  -3.262334   
135451   13545120000  -3.262688   
135526   13552620000  -3.263039   
135601   13560120000  -3.263371   
135676   13567620000  -3.263804   
135751   13575120000  -3.264125   
135826   13582620000  -3.264431   
135901   13590120000  -3.264839   
135976   13597620000  -3.265253   
136051   13605120000  -3.265655   
136126   13612620000  -3.266011   
136201   13620120000  -3.266344   
136276   13627620000  -3.266714   
136351   13635120000  -3.267004   
136426   13642620000  -3.267292   
136501   13650120000  -3.267572   
136576   13657620000  -3.267981   
136651   13665120000  -3.268282   
136726   13672620000  -3.268649   
136801   13680120000  -3.268962   
136876   13687620000  -3.269315   
136951   13695120000  -3.269642   
137026   13702620000  -3.269969   
137101   13710120000  -3.270313   
137176   13717620000  -3.270618   
137251   13725120000  -3.271067   
137326   13732620000  -3.271370   
137401   13740120000  -3.271720   
137476   13747620000  -3.272043   
137551   13755120000  -3.272356   
137626   13762620000  -3.272692   
137701   13770120000  -3.272992   
137776   13777620000  -3.273306   
137851   13785120000  -3.273618   
137926   13792620000  -3.273899   
138001   13800120000  -3.274179   
138076   13807620000  -3.274516   
138151   13815120000  -3.274851   
138226   13822620000  -3.275171   
138301   13830120000  -3.275459   
138376   13837620000  -3.275814   
138451   13845120000  -3.276083   
138526   13852620000  -3.276384   
138601   13860120000  -3.276635   
138676   13867620000  -3.276951   
138751   13875120000  -3.277200   
138826   13882620000  -3.277546   
138901   13890120000  -3.277891   
138976   13897620000  -3.278161   
139051   13905120000  -3.278468   
139126   13912620000  -3.278718   
139201   13920120000  -3.278957   
139276   13927620000  -3.279277   
139351   13935120000  -3.279558   
139426   13942620000  -3.279877   
139501   13950120000  -3.280234   
139576   13957620000  -3.280571   
139651   13965120000  -3.280941   
139726   13972620000  -3.281178   
139801   13980120000  -3.281476   
139876   13987620000  -3.281729   
139951   13995120000  -3.282017   
140026   14002620000  -3.282296   
140101   14010120000  -3.282558   
140176   14017620000  -3.282871   
140251   14025120000  -3.283176   
140326   14032620000  -3.283525   
140401   14040120000  -3.283834   
140476   14047620000  -3.284100   
140551   14055120000  -3.284427   
140626   14062620000  -3.284746   
140701   14070120000  -3.284993   
140776   14077620000  -3.285249   
140851   14085120000  -3.285486   
140926   14092620000  -3.285803   
141001   14100120000  -3.286107   
141076   14107620000  -3.286396   
141151   14115120000  -3.286629   
141226   14122620000  -3.286875   
141301   14130120000  -3.287131   
141376   14137620000  -3.287406   
141451   14145120000  -3.287648   
141526   14152620000  -3.287888   
141601   14160120000  -3.288151   
141676   14167620000  -3.288472   
141751   14175120000  -3.288706   
141826   14182620000  -3.288952   
141901   14190120000  -3.289167   
141976   14197620000  -3.289430   
142051   14205120000  -3.289710   
142126   14212620000  -3.290011   
142201   14220120000  -3.290290   
142276   14227620000  -3.290546   
142351   14235120000  -3.290769   
142426   14242620000  -3.291088   
142501   14250120000  -3.291340   
142576   14257620000  -3.291623   
142651   14265120000  -3.291845   
142726   14272620000  -3.292123   
142801   14280120000  -3.292379   
142876   14287620000  -3.292622   
142951   14295120000  -3.292857   
143026   14302620000  -3.293114   
143101   14310120000  -3.293346   
143176   14317620000  -3.293560   
143251   14325120000  -3.293745   
143326   14332620000  -3.294024   
143401   14340120000  -3.294253   
143476   14347620000  -3.294541   
143551   14355120000  -3.294780   
143626   14362620000  -3.295016   
143701   14370120000  -3.295303   
143776   14377620000  -3.295539   
143851   14385120000  -3.295739   
143926   14392620000  -3.295932   
144001   14400120000  -3.296171   
144076   14407620000  -3.296420   
144151   14415120000  -3.296658   
144226   14422620000  -3.296939   
144301   14430120000  -3.297185   
144376   14437620000  -3.297413   
144451   14445120000  -3.297680   
144526   14452620000  -3.297941   
144601   14460120000  -3.298224   
144676   14467620000  -3.298425   
144751   14475120000  -3.298646   
144826   14482620000  -3.298845   
144901   14490120000  -3.299041   
144976   14497620000  -3.299255   
145051   14505120000  -3.299493   
145126   14512620000  -3.299711   
145201   14520120000  -3.299931   
145276   14527620000  -3.300172   
145351   14535120000  -3.300398   
145426   14542620000  -3.300580   
145501   14550120000  -3.300793   
145576   14557620000  -3.300997   
145651   14565120000  -3.301194   
145726   14572620000  -3.301375   
145801   14580120000  -3.301593   
145876   14587620000  -3.301788   
145951   14595120000  -3.302022   
146026   14602620000  -3.302223   
146101   14610120000  -3.302406   
146176   14617620000  -3.302566   
146251   14625120000  -3.302800   
146326   14632620000  -3.303053   
146401   14640120000  -3.303253   
146476   14647620000  -3.303487   
146551   14655120000  -3.303661   
146626   14662620000  -3.303860   
146701   14670120000  -3.304059   
146776   14677620000  -3.304276   
146851   14685120000  -3.304501   
146926   14692620000  -3.304702   
147001   14700120000  -3.304936   
147076   14707620000  -3.305118   
147151   14715120000  -3.305338   
147226   14722620000  -3.305539   
147301   14730120000  -3.305722   
147376   14737620000  -3.305966   
147451   14745120000  -3.306165   
147526   14752620000  -3.306406   
147601   14760120000  -3.306591   
147676   14767620000  -3.306748   
147751   14775120000  -3.306940   
147826   14782620000  -3.307127   
147901   14790120000  -3.307306   
147976   14797620000  -3.307481   
148051   14805120000  -3.307667   
148126   14812620000  -3.307821   
148201   14820120000  -3.307986   
148276   14827620000  -3.308141   
148351   14835120000  -3.308335   
148426   14842620000  -3.308540   
148501   14850120000  -3.308744   
148576   14857620000  -3.308931   
148651   14865120000  -3.309124   
148726   14872620000  -3.309303   
148801   14880120000  -3.309470   
148876   14887620000  -3.309663   
148951   14895120000  -3.309871   
149026   14902620000  -3.310071   
149101   14910120000  -3.310255   
149176   14917620000  -3.310471   
149251   14925120000  -3.310642   
149326   14932620000  -3.310805   
149401   14940120000  -3.310998   
149476   14947620000  -3.311144   
149551   14955120000  -3.311352   
149626   14962620000  -3.311530   
149701   14970120000  -3.311708   
149776   14977620000  -3.311878   
149851   14985120000  -3.312050   
149926   14992620000  -3.312250   
150000   15000020000  -3.312443   
