# Energy vs Time Data
# Generated on: 2025-06-17 10:48:41
# Columns: Step, Time_Elapsed_s, U_max, Acceptance_Ratio, dx
#
1        0.026550     63.485092    0.996040     0.600000    
151      0.650871     62.707764    0.948130     0.600000    
301      1.057117     62.003777    0.949020     0.600000    
451      1.511097     61.354553    0.948000     0.600000    
601      2.062755     60.636406    0.947300     0.600000    
751      2.457478     59.963951    0.948880     0.600000    
901      2.851736     59.408581    0.947030     0.600000    
1051     3.269021     58.804401    0.946510     0.600000    
1201     3.688723     58.151131    0.946060     0.600000    
1351     4.101127     57.495403    0.945950     0.600000    
1501     4.517377     56.930641    0.946880     0.600000    
1651     4.934037     56.281174    0.948190     0.600000    
1801     5.336804     55.707901    0.945850     0.600000    
1951     5.743347     55.171337    0.945090     0.600000    
2101     6.150000     54.575348    0.946770     0.600000    
2251     6.545562     54.017822    0.948420     0.600000    
2401     6.941202     53.438931    0.945880     0.600000    
2551     7.338729     52.820732    0.945430     0.600000    
2701     7.732808     52.301296    0.947550     0.600000    
2851     8.129694     51.804440    0.945480     0.600000    
3001     8.527671     51.218040    0.944840     0.600000    
3151     8.928020     50.674927    0.946520     0.600000    
3301     9.341653     50.076111    0.945460     0.600000    
3451     9.822819     49.567650    0.944560     0.600000    
3601     10.252662    49.071636    0.945980     0.600000    
3751     10.889290    48.553429    0.944090     0.600000    
3901     11.356085    48.043648    0.945550     0.600000    
4051     11.794035    47.578003    0.943310     0.600000    
4201     12.224128    47.076504    0.944890     0.600000    
4351     12.706926    46.596878    0.942730     0.600000    
4501     13.114638    46.064156    0.944630     0.600000    
4651     13.509676    45.574944    0.942670     0.600000    
4801     13.942751    45.049774    0.943550     0.600000    
4951     14.366291    44.597778    0.942670     0.600000    
5101     14.840171    44.117493    0.941860     0.600000    
5251     15.378845    43.673904    0.943310     0.600000    
5401     15.779534    43.165455    0.940780     0.600000    
5551     16.180061    42.766674    0.942370     0.600000    
5701     16.580785    42.386364    0.940910     0.600000    
5851     17.022072    41.981781    0.941940     0.600000    
6001     17.416811    41.605354    0.940560     0.600000    
6151     17.871366    41.167870    0.941290     0.600000    
6301     18.280147    40.740002    0.942590     0.600000    
6451     18.674541    40.289227    0.940230     0.600000    
6601     19.075111    39.857887    0.939940     0.600000    
6751     19.470402    39.426888    0.941170     0.600000    
6901     19.876624    39.047226    0.941700     0.600000    
7051     20.273663    38.658783    0.938470     0.600000    
7201     20.668380    38.240593    0.940920     0.600000    
7351     21.181114    37.817783    0.939140     0.600000    
7501     22.085137    37.415085    0.939810     0.600000    
7651     22.753867    36.987556    0.938530     0.600000    
7801     23.356926    36.560833    0.939010     0.600000    
7951     23.818643    36.193771    0.937130     0.600000    
8101     24.230893    35.804245    0.938010     0.600000    
8251     24.634384    35.453659    0.939660     0.600000    
8401     25.044025    35.047546    0.937280     0.600000    
8551     25.482120    34.735519    0.938260     0.600000    
8701     25.892660    34.349682    0.938250     0.600000    
8851     26.339414    33.964542    0.937330     0.600000    
9001     26.755826    33.658550    0.935910     0.600000    
9151     27.178770    33.344818    0.934600     0.600000    
9301     27.618360    32.972965    0.935930     0.600000    
9451     28.069772    32.620617    0.936690     0.600000    
9601     28.570730    32.250935    0.937710     0.600000    
9751     29.023391    31.905071    0.938180     0.600000    
9901     29.475230    31.600494    0.937910     0.600000    
10051    29.949736    31.269693    0.935220     0.600000    
10201    30.417984    30.943436    0.934290     0.600000    
10351    30.963942    30.615215    0.935040     0.600000    
10501    31.442514    30.318508    0.933590     0.600000    
10651    32.002071    29.969036    0.935220     0.600000    
10801    32.502800    29.639791    0.934140     0.600000    
10951    32.947666    29.344730    0.935230     0.600000    
11101    33.372772    29.065630    0.934120     0.600000    
11251    33.802817    28.760748    0.934690     0.600000    
11401    34.250301    28.478191    0.932870     0.600000    
11551    34.693262    28.157993    0.935420     0.600000    
11701    35.120760    27.875942    0.934060     0.600000    
11851    35.593607    27.638901    0.933050     0.600000    
12001    36.053796    27.343191    0.931880     0.600000    
12151    36.559424    27.062136    0.932740     0.600000    
12301    37.000776    26.784595    0.932060     0.600000    
12451    37.436026    26.486115    0.931370     0.600000    
12601    37.934565    26.176086    0.932850     0.600000    
12751    38.394379    25.841961    0.933000     0.600000    
12901    38.882038    25.557510    0.930650     0.600000    
13051    39.336311    25.263777    0.931250     0.600000    
13201    39.897824    25.035076    0.930990     0.600000    
13351    40.354411    24.771933    0.930220     0.600000    
13501    40.795200    24.505310    0.929160     0.600000    
13651    41.236346    24.214905    0.927620     0.600000    
13801    41.710170    23.926064    0.928860     0.600000    
13951    42.199488    23.679636    0.930020     0.600000    
14101    42.821598    23.421234    0.926540     0.600000    
14251    43.305422    23.153858    0.928050     0.600000    
14401    43.748645    22.925468    0.927060     0.600000    
14551    44.202006    22.683790    0.927580     0.600000    
14701    44.646969    22.448231    0.927450     0.600000    
14851    45.088590    22.197037    0.928530     0.600000    
15000    45.530248    21.938862    0.926020     0.600000    
15001    45.536701    21.938274    0.926960     0.600000    
15151    46.075403    21.735207    0.924390     0.600000    
15301    46.543873    21.520649    0.923730     0.600000    
15451    46.985526    21.311069    0.926580     0.600000    
15601    47.433847    21.091568    0.924280     0.600000    
15751    47.881513    20.872734    0.926490     0.600000    
15901    48.373532    20.663082    0.928140     0.600000    
16051    48.934187    20.417812    0.924970     0.600000    
16201    49.607354    20.201488    0.925740     0.600000    
16351    50.317112    19.966490    0.924240     0.600000    
16501    50.922598    19.749611    0.925100     0.600000    
16651    51.385894    19.523893    0.926280     0.600000    
16801    51.838787    19.307802    0.923760     0.600000    
16951    52.377969    19.114639    0.923780     0.600000    
17101    53.056782    18.906818    0.922530     0.600000    
17251    53.799061    18.679707    0.922790     0.600000    
17401    54.352044    18.468925    0.923980     0.600000    
17551    54.819198    18.266920    0.922600     0.600000    
17701    55.282002    18.076384    0.922160     0.600000    
17851    55.747219    17.882856    0.918530     0.600000    
18001    56.314831    17.690649    0.921120     0.600000    
18151    56.898920    17.506575    0.920820     0.600000    
18301    57.575181    17.333092    0.919970     0.600000    
18451    58.060526    17.140934    0.921490     0.600000    
18601    58.545779    16.953127    0.919920     0.600000    
18751    59.137581    16.766838    0.920760     0.600000    
18901    59.780963    16.576477    0.919050     0.600000    
19051    60.259214    16.413055    0.918750     0.600000    
19201    60.738115    16.249138    0.916780     0.600000    
19351    61.213395    16.075172    0.919210     0.600000    
19501    61.915395    15.911552    0.917640     0.600000    
19651    62.402002    15.754444    0.917870     0.600000    
19801    62.900387    15.584415    0.918350     0.600000    
19951    63.399938    15.436526    0.919060     0.600000    
20000    63.555110    15.386250    0.917190     0.600000    
20101    64.086564    15.290096    0.916640     0.600000    
20251    64.975464    15.126497    0.916320     0.600000    
20401    65.521564    14.968910    0.917730     0.600000    
20551    66.084737    14.799520    0.914830     0.600000    
20701    66.610955    14.634951    0.917470     0.600000    
20851    67.140153    14.457158    0.917180     0.600000    
21001    67.643996    14.295483    0.914420     0.600000    
21151    68.179204    14.132496    0.912670     0.600000    
21301    68.691446    13.972389    0.914290     0.600000    
21451    69.215184    13.808004    0.912130     0.600000    
21601    69.717319    13.651271    0.912050     0.600000    
21751    70.193159    13.520762    0.912070     0.600000    
21901    70.719961    13.377029    0.912810     0.600000    
22051    71.243091    13.225708    0.914440     0.600000    
22201    71.777887    13.069133    0.911390     0.600000    
22351    72.284528    12.927006    0.913460     0.600000    
22501    72.813566    12.790561    0.912870     0.600000    
22651    73.304396    12.654548    0.911840     0.600000    
22801    73.796606    12.531418    0.910010     0.600000    
22951    74.323513    12.403667    0.908560     0.600000    
23101    75.031089    12.268171    0.907930     0.600000    
23251    75.514048    12.139320    0.910190     0.600000    
23401    75.997215    12.001938    0.909260     0.600000    
23551    76.482086    11.890077    0.908230     0.600000    
23701    77.063803    11.756941    0.907740     0.600000    
23851    77.587044    11.634445    0.906140     0.600000    
24001    78.178801    11.502813    0.907770     0.600000    
24151    78.662368    11.374985    0.907420     0.600000    
24301    79.140574    11.251234    0.905590     0.600000    
24451    79.634722    11.130390    0.905950     0.600000    
24601    80.131184    11.011841    0.905230     0.600000    
24751    80.690177    10.896109    0.905140     0.600000    
24901    81.192162    10.781023    0.903550     0.600000    
25051    81.684205    10.639925    0.903250     0.600000    
25201    82.164070    10.533594    0.905500     0.600000    
25351    82.647096    10.421864    0.905680     0.600000    
25501    83.125701    10.314957    0.902730     0.600000    
25651    83.623971    10.202370    0.903980     0.600000    
25801    84.142044    10.088424    0.900800     0.600000    
25951    84.714670    9.985171     0.902440     0.600000    
26000    84.885422    9.954192     0.901950     0.600000    
26101    85.233703    9.876071     0.902570     0.600000    
26251    85.920544    9.772534     0.902070     0.600000    
26401    86.477889    9.684753     0.900550     0.600000    
26551    86.976602    9.589664     0.901670     0.600000    
26701    87.462772    9.481449     0.899980     0.600000    
26851    87.953807    9.396803     0.896860     0.600000    
27001    88.513644    9.298548     0.897970     0.600000    
27151    89.010835    9.191438     0.899190     0.600000    
27301    89.513725    9.080773     0.898050     0.600000    
27451    90.008826    8.998796     0.898050     0.600000    
27601    90.502878    8.912340     0.897470     0.600000    
27751    90.999152    8.812035     0.896010     0.600000    
27901    91.489025    8.731061     0.897650     0.600000    
28051    91.974703    8.645354     0.897090     0.600000    
28201    92.527015    8.562686     0.896230     0.600000    
28351    93.062314    8.468877     0.893940     0.600000    
28501    93.547416    8.384306     0.893830     0.600000    
28651    94.024649    8.285927     0.896400     0.600000    
28801    94.509037    8.207804     0.893170     0.600000    
28951    94.996709    8.106901     0.892110     0.600000    
29101    95.486893    8.007371     0.893730     0.600000    
29251    95.978887    7.910569     0.891270     0.600000    
29401    96.631505    7.842406     0.892520     0.600000    
29551    97.115176    7.766763     0.890610     0.600000    
29701    97.591305    7.694467     0.892330     0.600000    
29851    98.067478    7.623746     0.890840     0.600000    
30001    98.547716    7.547637     0.888570     0.600000    
30151    99.028672    7.471134     0.887360     0.600000    
30301    99.506789    7.392767     0.886790     0.600000    
30451    99.985425    7.326479     0.886440     0.600000    
30601    100.473378   7.244200     0.887800     0.600000    
30751    101.003529   7.177890     0.886730     0.600000    
30901    101.492648   7.107485     0.886990     0.600000    
31051    101.973836   7.035513     0.887620     0.600000    
31201    102.455967   6.968463     0.886400     0.600000    
31351    102.941609   6.898646     0.885940     0.600000    
31501    103.436304   6.828054     0.884180     0.600000    
31651    103.970940   6.753519     0.882320     0.600000    
31801    104.495034   6.690167     0.885010     0.600000    
31951    104.969898   6.613386     0.881700     0.600000    
32101    105.448882   6.555232     0.880950     0.600000    
32251    105.926011   6.483977     0.881490     0.600000    
32401    106.444235   6.412475     0.881340     0.600000    
32551    107.067673   6.343999     0.879460     0.600000    
32701    107.554399   6.291069     0.883280     0.600000    
32851    108.150246   6.225390     0.879420     0.600000    
33000    108.640959   6.165619     0.878710     0.600000    
33001    108.644227   6.164782     0.878020     0.600000    
33151    109.258096   6.103788     0.876960     0.600000    
33301    109.843281   6.044982     0.877380     0.600000    
33451    110.349785   5.994514     0.876690     0.600000    
33601    110.839520   5.944728     0.875060     0.600000    
33751    111.333640   5.893895     0.874420     0.600000    
33901    111.819020   5.837745     0.873250     0.600000    
34051    112.341125   5.779641     0.875200     0.600000    
34201    112.823699   5.725052     0.872230     0.600000    
34351    113.307552   5.672723     0.871450     0.600000    
34501    113.797132   5.617741     0.872070     0.600000    
34651    114.281379   5.562341     0.872070     0.600000    
34801    114.767163   5.517662     0.870090     0.600000    
34951    115.347349   5.467130     0.874010     0.600000    
35101    115.859075   5.417341     0.867490     0.600000    
35251    116.353711   5.361794     0.869270     0.600000    
35401    116.857565   5.311762     0.868840     0.600000    
35551    117.520400   5.261337     0.867440     0.600000    
35701    118.227010   5.215655     0.865740     0.600000    
35851    118.713282   5.160422     0.867530     0.600000    
36001    119.207514   5.113437     0.864350     0.600000    
36151    119.693992   5.066573     0.864590     0.600000    
36301    120.187415   5.017801     0.864240     0.600000    
36451    120.701072   4.965902     0.864250     0.600000    
36601    121.227268   4.917306     0.867460     0.600000    
36751    121.778089   4.870502     0.860950     0.600000    
36901    122.318912   4.822482     0.862880     0.600000    
37051    122.845015   4.778940     0.863980     0.600000    
37201    123.361051   4.739516     0.858200     0.600000    
37351    123.943242   4.702445     0.858820     0.600000    
37501    124.442851   4.659317     0.859330     0.600000    
37651    124.968159   4.612957     0.856580     0.600000    
37801    125.457961   4.574583     0.855790     0.600000    
37951    125.949686   4.532393     0.856820     0.600000    
38101    126.444885   4.490625     0.854830     0.600000    
38251    126.944495   4.455925     0.853330     0.600000    
38401    127.437525   4.421375     0.856170     0.600000    
38551    127.928862   4.378712     0.854010     0.600000    
38701    128.641285   4.341970     0.852960     0.600000    
38851    129.234550   4.310013     0.853130     0.600000    
39001    129.771309   4.272728     0.852520     0.600000    
39151    130.324606   4.236686     0.850530     0.600000    
39301    130.922019   4.202626     0.850890     0.600000    
39451    131.421980   4.170245     0.850480     0.600000    
39601    131.935285   4.135726     0.850280     0.600000    
39751    132.681944   4.096053     0.847580     0.600000    
39901    133.288083   4.060074     0.848640     0.600000    
40051    133.802425   4.030568     0.842570     0.600000    
40201    134.303300   3.999967     0.844140     0.600000    
40351    134.877792   3.973252     0.843630     0.600000    
40501    135.405408   3.936685     0.842610     0.600000    
40651    135.907353   3.906530     0.842020     0.600000    
40801    136.419615   3.880285     0.841510     0.600000    
40951    136.919674   3.850754     0.839500     0.600000    
41101    137.424671   3.820870     0.838310     0.600000    
41251    137.921657   3.791546     0.840290     0.600000    
41401    138.468898   3.764046     0.838300     0.600000    
41551    139.191480   3.735902     0.837900     0.600000    
41701    139.719667   3.707788     0.833360     0.600000    
41851    140.320378   3.681811     0.834870     0.600000    
42001    141.003271   3.657917     0.832900     0.600000    
42151    141.694941   3.632091     0.830950     0.600000    
42301    142.341397   3.608171     0.829710     0.600000    
42451    142.884219   3.581717     0.831370     0.600000    
42601    143.387056   3.557473     0.831770     0.600000    
42751    143.889640   3.534633     0.830310     0.600000    
42901    144.419286   3.508203     0.828100     0.600000    
43051    145.133509   3.484339     0.828570     0.600000    
43201    145.970493   3.464334     0.828540     0.600000    
43351    146.546164   3.441076     0.826100     0.600000    
43501    147.115104   3.421732     0.822240     0.600000    
43651    147.817164   3.399102     0.819400     0.600000    
43801    148.394976   3.377232     0.822280     0.600000    
43951    148.929101   3.355782     0.821420     0.600000    
44101    149.629118   3.335281     0.818020     0.600000    
44251    150.266765   3.315629     0.818340     0.600000    
44401    150.855941   3.297220     0.816730     0.600000    
44551    151.395810   3.277982     0.814360     0.600000    
44701    151.935826   3.258960     0.814610     0.600000    
44851    152.469509   3.242068     0.810520     0.600000    
45001    153.021177   3.229340     0.809700     0.600000    
45151    153.554180   3.214069     0.807990     0.600000    
45301    154.089179   3.201980     0.807030     0.600000    
45451    154.632003   3.189862     0.808090     0.600000    
45601    155.166197   3.176117     0.807380     0.600000    
45751    155.697556   3.161119     0.806440     0.600000    
45901    156.237027   3.146275     0.807680     0.600000    
46051    156.795104   3.132227     0.807020     0.600000    
46201    157.371900   3.115630     0.805550     0.600000    
46351    157.935602   3.098589     0.804620     0.600000    
46501    158.503200   3.083384     0.806140     0.600000    
46651    159.065621   3.069538     0.803120     0.600000    
46801    159.813788   3.050017     0.805670     0.600000    
46951    160.482627   3.034530     0.805970     0.600000    
47101    161.026718   3.018074     0.805500     0.600000    
47251    161.586037   3.003043     0.807060     0.600000    
47401    162.154650   2.986125     0.806990     0.600000    
47551    162.728753   2.969661     0.805490     0.600000    
47701    163.271047   2.950498     0.805260     0.600000    
47851    163.828480   2.933566     0.807660     0.600000    
48001    164.368238   2.914662     0.804630     0.600000    
48151    164.902786   2.896859     0.805800     0.600000    
48301    165.725936   2.879427     0.808650     0.600000    
48451    166.413045   2.862591     0.807060     0.600000    
48601    167.238780   2.844394     0.807180     0.600000    
48751    167.907508   2.824772     0.808390     0.600000    
48901    168.557795   2.808699     0.806340     0.600000    
49051    169.595140   2.790630     0.808840     0.600000    
49201    171.782357   2.776565     0.809650     0.600000    
49351    172.814220   2.760532     0.808820     0.600000    
49501    173.740833   2.744705     0.809610     0.600000    
49651    174.581801   2.727862     0.813930     0.600000    
49801    175.506025   2.709053     0.815340     0.600000    
49951    176.569360   2.693022     0.814570     0.600000    
50101    177.719836   2.678396     0.813320     0.600000    
50251    178.512289   2.660980     0.815830     0.600000    
50401    179.368971   2.643333     0.819520     0.600000    
50551    180.497007   2.628876     0.820990     0.600000    
50701    182.144725   2.614102     0.824680     0.600000    
50851    183.141664   2.597109     0.824880     0.600000    
51000    184.249804   2.565772     0.827560     0.600000    
51001    184.261806   2.565695     0.827710     0.600000    
51151    185.128908   2.534070     0.825310     0.600000    
51301    185.977760   2.495632     0.827360     0.600000    
51451    186.810695   2.459028     0.823530     0.600000    
51601    187.548208   2.425437     0.823100     0.600000    
51751    188.371460   2.391459     0.822870     0.600000    
51901    189.339082   2.358689     0.822840     0.600000    
52051    190.249758   2.317548     0.821400     0.600000    
52201    191.137897   2.282618     0.818460     0.600000    
52351    192.064246   2.252141     0.820910     0.600000    
52501    193.039143   2.224315     0.821820     0.600000    
52651    193.893253   2.190532     0.819900     0.600000    
52801    194.690218   2.157601     0.819740     0.600000    
52951    195.438150   2.117660     0.818800     0.600000    
53101    196.233803   2.087247     0.817640     0.600000    
53251    197.167690   2.057603     0.813140     0.600000    
53401    197.927721   2.020381     0.815550     0.600000    
53551    198.727478   1.986092     0.815990     0.600000    
53701    199.539201   1.950942     0.811930     0.600000    
53851    200.273790   1.917195     0.813470     0.600000    
54001    201.016030   1.888862     0.814080     0.600000    
54151    201.746071   1.857791     0.812660     0.600000    
54301    202.707143   1.828141     0.809210     0.600000    
54451    203.557711   1.797371     0.811750     0.600000    
54601    204.304007   1.764700     0.810740     0.600000    
54751    205.036027   1.732386     0.812640     0.600000    
54901    205.750821   1.701389     0.809000     0.600000    
55051    206.603921   1.675010     0.810750     0.600000    
55201    207.666094   1.643084     0.806320     0.600000    
55351    208.602606   1.610133     0.806780     0.600000    
55501    209.483790   1.580497     0.807460     0.600000    
55651    210.396183   1.548534     0.802800     0.600000    
55801    211.125470   1.514911     0.803470     0.600000    
55951    211.978568   1.488991     0.804600     0.600000    
56101    214.469608   1.456224     0.803860     0.600000    
56251    215.633947   1.423671     0.801650     0.600000    
56401    216.562123   1.395214     0.800870     0.600000    
56551    217.488532   1.360391     0.802640     0.600000    
56701    218.353051   1.331616     0.800640     0.600000    
56851    219.233290   1.305300     0.798890     0.600000    
57001    220.033938   1.270947     0.797990     0.600000    
57151    220.830230   1.244635     0.797920     0.600000    
57301    221.730503   1.215149     0.797400     0.600000    
57451    222.562926   1.188883     0.796940     0.600000    
57601    223.572871   1.160078     0.797860     0.600000    
57751    224.326447   1.131161     0.791930     0.600000    
57901    225.141400   1.101316     0.795850     0.600000    
58051    225.889089   1.067648     0.795780     0.600000    
58201    226.701122   1.038632     0.793040     0.600000    
58351    227.495092   1.008917     0.792080     0.600000    
58501    228.351150   0.979764     0.790010     0.600000    
58651    229.114014   0.949114     0.793020     0.600000    
58801    229.845444   0.922075     0.792360     0.600000    
58951    230.624515   0.895216     0.789780     0.600000    
59101    231.420529   0.866801     0.786250     0.600000    
59251    232.164190   0.837478     0.786650     0.600000    
59401    232.915511   0.809181     0.784710     0.600000    
59551    233.772966   0.781605     0.784010     0.600000    
59701    234.737146   0.753173     0.785340     0.600000    
59851    235.511993   0.721062     0.781910     0.600000    
60000    236.322751   0.696411     0.780110     0.600000    
60001    236.330281   0.696141     0.779650     0.600000    
60151    237.207622   0.669967     0.778440     0.600000    
60301    237.995401   0.641909     0.782550     0.600000    
60451    238.837328   0.616668     0.778650     0.600000    
60601    239.584893   0.589749     0.778730     0.600000    
60751    240.318904   0.562791     0.777260     0.600000    
60901    241.044053   0.536221     0.778430     0.600000    
61051    241.806804   0.509639     0.776940     0.600000    
61201    242.540231   0.485817     0.776230     0.600000    
61351    243.313424   0.460362     0.775580     0.600000    
61501    244.179802   0.432219     0.772540     0.600000    
61651    244.940925   0.405430     0.774240     0.600000    
61801    245.687316   0.378263     0.773350     0.600000    
61951    246.510904   0.354611     0.768710     0.600000    
62101    247.479694   0.328853     0.770470     0.600000    
62251    248.267663   0.302363     0.768920     0.600000    
62401    249.003320   0.280815     0.767820     0.600000    
62551    249.815584   0.254335     0.768640     0.600000    
62701    250.561564   0.230912     0.768980     0.600000    
62851    251.412416   0.201432     0.765310     0.600000    
63001    252.163749   0.175610     0.765680     0.600000    
63151    252.981894   0.149898     0.764480     0.600000    
63301    254.037898   0.125869     0.762390     0.600000    
63451    255.130420   0.101819     0.761210     0.600000    
63601    255.981782   0.075144     0.760830     0.600000    
63751    256.788434   0.054924     0.757590     0.600000    
63901    257.580064   0.031976     0.759910     0.600000    
64051    258.400964   0.008116     0.757730     0.600000    
64201    259.420681   -0.015314    0.758780     0.600000    
64351    260.255740   -0.038636    0.757310     0.600000    
64501    261.037343   -0.059492    0.756450     0.600000    
64651    261.812341   -0.078715    0.754040     0.600000    
64801    262.585831   -0.100825    0.754770     0.600000    
64951    263.358370   -0.122286    0.753850     0.600000    
65101    264.168532   -0.147090    0.753550     0.600000    
65251    265.109800   -0.169173    0.750180     0.600000    
65401    266.058124   -0.191203    0.754130     0.600000    
65551    266.838510   -0.211702    0.751790     0.600000    
65701    267.629795   -0.234500    0.750140     0.600000    
65851    268.430029   -0.257911    0.747690     0.600000    
66001    269.205443   -0.280384    0.745430     0.600000    
66151    270.020464   -0.303007    0.746860     0.600000    
66301    270.786027   -0.321514    0.749410     0.600000    
66451    271.563162   -0.343517    0.742070     0.600000    
66601    272.331617   -0.366840    0.742090     0.600000    
66751    273.115700   -0.388325    0.741600     0.600000    
66901    273.880721   -0.410265    0.744370     0.600000    
67051    274.886143   -0.428877    0.742860     0.600000    
67201    276.039485   -0.450188    0.739010     0.600000    
67351    277.181927   -0.468254    0.736320     0.600000    
67501    278.109589   -0.487472    0.739960     0.600000    
67651    278.953515   -0.507995    0.736290     0.600000    
67801    280.116185   -0.530234    0.734520     0.600000    
67951    281.200728   -0.550262    0.734420     0.600000    
68101    281.980153   -0.571063    0.734680     0.600000    
68251    282.767582   -0.588245    0.734440     0.600000    
68401    283.581296   -0.607920    0.730970     0.600000    
68551    284.429807   -0.626460    0.732420     0.600000    
68701    285.256345   -0.649781    0.732310     0.600000    
68851    286.064256   -0.667134    0.729120     0.600000    
69001    286.838150   -0.689086    0.726630     0.600000    
69151    287.615294   -0.709463    0.730020     0.600000    
69301    288.389464   -0.730339    0.724440     0.600000    
69451    289.151922   -0.749400    0.725780     0.600000    
69601    289.926633   -0.766847    0.723820     0.600000    
69751    290.724446   -0.782281    0.723480     0.600000    
69901    291.642780   -0.801836    0.722720     0.600000    
70000    292.220436   -0.813816    0.722050     0.600000    
70051    292.519788   -0.820170    0.721200     0.600000    
70201    293.423004   -0.837824    0.719440     0.600000    
70351    294.336792   -0.857287    0.719320     0.600000    
70501    295.205513   -0.877769    0.712210     0.600000    
70651    296.155869   -0.895123    0.716120     0.600000    
70801    297.411424   -0.913559    0.716330     0.600000    
70951    298.628159   -0.929380    0.712170     0.600000    
71101    300.130355   -0.948368    0.712710     0.600000    
71251    301.870511   -0.967745    0.710260     0.600000    
71401    303.464644   -0.984457    0.709470     0.600000    
71551    304.937726   -1.001616    0.707580     0.600000    
71701    306.275617   -1.019645    0.707680     0.600000    
71851    307.601087   -1.037003    0.704600     0.600000    
72001    308.619825   -1.053113    0.710060     0.600000    
72151    309.603016   -1.068803    0.704070     0.600000    
72301    310.668699   -1.085671    0.702350     0.600000    
72451    311.873724   -1.102973    0.702670     0.600000    
72601    313.245046   -1.120148    0.704100     0.600000    
72751    314.227378   -1.136772    0.699160     0.600000    
72901    315.001345   -1.153086    0.698080     0.600000    
73051    315.788524   -1.170396    0.698020     0.600000    
73201    316.560444   -1.188602    0.698800     0.600000    
73351    317.326890   -1.201757    0.696800     0.600000    
73501    318.333204   -1.217024    0.691920     0.600000    
73651    319.309054   -1.232144    0.694660     0.600000    
73801    320.256676   -1.247073    0.692900     0.600000    
73951    321.016055   -1.264156    0.693040     0.600000    
74101    321.791774   -1.281934    0.689830     0.600000    
74251    322.559500   -1.297803    0.688300     0.600000    
74401    323.308114   -1.311594    0.685280     0.600000    
74551    324.059946   -1.325937    0.689700     0.600000    
74701    324.814479   -1.339637    0.684960     0.600000    
74851    325.587856   -1.353494    0.683100     0.600000    
75001    326.352884   -1.367193    0.681770     0.600000    
75151    327.107852   -1.381440    0.680300     0.600000    
75301    327.855072   -1.396909    0.680540     0.600000    
75451    328.595417   -1.410298    0.678670     0.600000    
75601    329.352903   -1.423674    0.679480     0.600000    
75751    330.123297   -1.437347    0.675910     0.600000    
75901    330.888683   -1.451345    0.677080     0.600000    
76051    331.632633   -1.464073    0.677130     0.600000    
76201    332.381745   -1.477121    0.673930     0.600000    
76351    333.133216   -1.490211    0.670020     0.600000    
76501    333.894338   -1.505304    0.669270     0.600000    
76651    334.645603   -1.518884    0.667850     0.600000    
76801    335.411577   -1.531877    0.668730     0.600000    
76951    336.189058   -1.546360    0.665850     0.600000    
77101    336.935162   -1.559306    0.665530     0.600000    
77251    337.887954   -1.571511    0.663180     0.600000    
77401    338.737000   -1.587255    0.665500     0.600000    
77551    339.478274   -1.599139    0.664060     0.600000    
77701    340.306809   -1.613383    0.663260     0.600000    
77851    341.105213   -1.624493    0.660230     0.600000    
78001    341.852923   -1.639283    0.659190     0.600000    
78151    342.606520   -1.649834    0.658450     0.600000    
78301    343.363656   -1.660427    0.657120     0.600000    
78451    344.120762   -1.674118    0.654660     0.600000    
78601    344.887619   -1.686732    0.657390     0.600000    
78751    345.649089   -1.698145    0.653490     0.600000    
78901    346.423952   -1.710828    0.652940     0.600000    
79051    347.356595   -1.723098    0.649600     0.600000    
79201    348.173970   -1.732982    0.646510     0.600000    
79351    349.103078   -1.745458    0.646500     0.600000    
79501    349.952700   -1.758452    0.646830     0.600000    
79651    350.648835   -1.770296    0.644340     0.600000    
79801    351.369589   -1.781563    0.644940     0.600000    
79951    352.086559   -1.792647    0.646290     0.600000    
80101    352.812456   -1.805888    0.640490     0.600000    
80251    353.804628   -1.817509    0.639430     0.600000    
80401    354.766463   -1.828176    0.636100     0.600000    
80551    355.539072   -1.839186    0.636320     0.600000    
80701    356.294184   -1.849680    0.637360     0.600000    
80851    357.127608   -1.861323    0.633440     0.600000    
81000    357.950053   -1.872448    0.632380     0.600000    
81001    357.955585   -1.872526    0.633480     0.600000    
81151    358.688540   -1.882252    0.634660     0.600000    
81301    359.475655   -1.893265    0.628840     0.600000    
81451    360.322737   -1.905318    0.628140     0.600000    
81601    361.025002   -1.915795    0.627490     0.600000    
81751    361.717075   -1.926285    0.629940     0.600000    
81901    362.431915   -1.937552    0.626130     0.600000    
82051    363.132144   -1.949093    0.623970     0.600000    
82201    363.814832   -1.959935    0.623650     0.600000    
82351    364.502231   -1.971227    0.619210     0.600000    
82501    365.216821   -1.981119    0.619310     0.600000    
82651    365.921681   -1.990728    0.619580     0.600000    
82801    366.643549   -2.000267    0.615030     0.600000    
82951    367.355074   -2.009486    0.615110     0.600000    
83101    368.044080   -2.019005    0.612830     0.600000    
83251    368.849379   -2.028757    0.613770     0.600000    
83401    369.542040   -2.037628    0.613230     0.600000    
83551    370.382722   -2.047823    0.611540     0.600000    
83701    371.129968   -2.057370    0.609250     0.600000    
83851    371.839797   -2.066950    0.608030     0.600000    
84001    372.571623   -2.076618    0.607590     0.600000    
84151    373.271901   -2.086772    0.603090     0.600000    
84301    374.005353   -2.094819    0.599530     0.600000    
84451    374.716418   -2.103559    0.602890     0.600000    
84601    375.407029   -2.112693    0.599460     0.600000    
84751    376.103236   -2.122177    0.601820     0.600000    
84901    376.793902   -2.130925    0.596370     0.600000    
85051    377.514301   -2.139033    0.596010     0.600000    
85201    378.208836   -2.148943    0.593240     0.600000    
85351    378.964608   -2.157685    0.593320     0.600000    
85501    379.655768   -2.167251    0.591640     0.600000    
85651    380.370155   -2.176113    0.586440     0.600000    
85801    381.254679   -2.185295    0.588200     0.600000    
85951    381.971649   -2.193603    0.584790     0.600000    
86101    382.671429   -2.202384    0.586700     0.600000    
86251    383.369416   -2.211509    0.583810     0.600000    
86401    384.140920   -2.219564    0.584710     0.600000    
86551    384.902808   -2.227327    0.575900     0.600000    
86701    385.608150   -2.235169    0.581750     0.600000    
86851    386.312234   -2.245590    0.578020     0.600000    
87001    387.008875   -2.252563    0.575980     0.600000    
87151    387.709733   -2.261467    0.576880     0.600000    
87301    388.447192   -2.270269    0.574780     0.600000    
87451    389.141984   -2.279127    0.573150     0.600000    
87601    389.854230   -2.287064    0.567150     0.600000    
87751    390.624866   -2.295660    0.566170     0.600000    
87901    391.472036   -2.303449    0.569680     0.600000    
88051    392.338409   -2.310716    0.564970     0.600000    
88201    393.224180   -2.318147    0.564160     0.600000    
88351    394.299137   -2.326475    0.563370     0.600000    
88501    395.150826   -2.333445    0.563830     0.600000    
88651    396.541247   -2.342566    0.556320     0.600000    
88801    397.441298   -2.350293    0.555350     0.600000    
88951    398.417329   -2.358140    0.556210     0.600000    
89101    399.350581   -2.367370    0.555530     0.600000    
89251    400.329494   -2.374688    0.552980     0.600000    
89401    401.150588   -2.381742    0.551870     0.600000    
89551    402.122041   -2.388944    0.550780     0.600000    
89701    402.984471   -2.395080    0.548390     0.600000    
89851    403.800609   -2.402380    0.548100     0.600000    
90001    404.600480   -2.408557    0.545830     0.600000    
90151    405.444245   -2.416101    0.544960     0.600000    
90301    406.240933   -2.422759    0.542910     0.600000    
90451    407.041686   -2.429505    0.542190     0.600000    
90601    407.853611   -2.436158    0.538160     0.600000    
90751    408.659854   -2.441994    0.538140     0.600000    
90901    409.453595   -2.449381    0.538530     0.600000    
91051    410.278310   -2.455345    0.535520     0.600000    
91201    411.096500   -2.462024    0.534560     0.600000    
91351    411.900366   -2.468661    0.530960     0.600000    
91501    412.723785   -2.474627    0.530850     0.600000    
91651    413.520900   -2.480579    0.529320     0.600000    
91801    414.324416   -2.487144    0.525960     0.600000    
91951    415.126557   -2.493610    0.527300     0.600000    
92000    415.389726   -2.495710    0.522640     0.600000    
92101    415.936721   -2.499362    0.523830     0.600000    
92251    416.761182   -2.506505    0.523350     0.600000    
92401    417.577136   -2.512918    0.521630     0.600000    
92551    418.392629   -2.519787    0.517090     0.600000    
92701    419.213866   -2.525883    0.517070     0.600000    
92851    420.124073   -2.531932    0.516390     0.600000    
93001    420.940089   -2.538497    0.513770     0.600000    
93151    421.960822   -2.546082    0.514520     0.600000    
93301    422.947953   -2.551661    0.512550     0.600000    
93451    423.762832   -2.557904    0.508440     0.600000    
93601    424.616919   -2.563848    0.501580     0.600000    
93751    425.441016   -2.569265    0.504230     0.600000    
93901    426.265195   -2.574984    0.743060     0.300000    
94051    427.066990   -2.580136    0.740660     0.300000    
94201    427.869773   -2.585004    0.738000     0.300000    
94351    428.667635   -2.590092    0.740250     0.300000    
94501    429.488174   -2.596024    0.739550     0.300000    
94651    430.329062   -2.600719    0.737860     0.300000    
94801    431.206792   -2.606199    0.737000     0.300000    
94951    432.069665   -2.611747    0.736230     0.300000    
95101    433.107757   -2.617426    0.732430     0.300000    
95251    434.031493   -2.622174    0.734790     0.300000    
95401    434.923579   -2.627651    0.731330     0.300000    
95551    435.800659   -2.633341    0.728910     0.300000    
95701    436.669395   -2.638872    0.728970     0.300000    
95851    437.690701   -2.644212    0.728910     0.300000    
96001    438.616951   -2.648506    0.729010     0.300000    
96151    439.525508   -2.653413    0.733370     0.300000    
96301    440.363465   -2.658550    0.723970     0.300000    
96451    441.187272   -2.663599    0.724340     0.300000    
96601    442.040824   -2.668172    0.724720     0.300000    
96751    442.868649   -2.672850    0.721780     0.300000    
96901    443.729567   -2.677857    0.725360     0.300000    
97051    444.676855   -2.683449    0.719800     0.300000    
97201    445.448935   -2.688510    0.721500     0.300000    
97351    446.217632   -2.693795    0.718860     0.300000    
97501    446.993378   -2.698821    0.717710     0.300000    
97651    447.771165   -2.704252    0.716300     0.300000    
97801    448.550958   -2.708977    0.719620     0.300000    
97951    449.385826   -2.713219    0.714360     0.300000    
98101    450.179803   -2.718027    0.714320     0.300000    
98251    450.977890   -2.722278    0.713590     0.300000    
98401    451.780577   -2.727195    0.711970     0.300000    
98551    452.672117   -2.731996    0.710870     0.300000    
98701    453.558375   -2.736558    0.709910     0.300000    
98851    454.463929   -2.741264    0.710730     0.300000    
99001    455.532822   -2.746192    0.708410     0.300000    
99151    456.363109   -2.750966    0.704070     0.300000    
99301    457.200849   -2.755705    0.705300     0.300000    
99451    458.025729   -2.759969    0.701450     0.300000    
99601    458.831651   -2.764695    0.702660     0.300000    
99751    459.632834   -2.768648    0.700980     0.300000    
99901    460.433175   -2.772754    0.700600     0.300000    
100051   461.229770   -2.777413    0.700840     0.300000    
100201   462.023528   -2.781496    0.697070     0.300000    
100351   462.817036   -2.785264    0.696890     0.300000    
100501   463.656911   -2.789202    0.698440     0.300000    
100651   464.659278   -2.792980    0.696870     0.300000    
100801   465.642867   -2.797363    0.694500     0.300000    
100951   466.451519   -2.802010    0.691370     0.300000    
101101   467.264243   -2.806021    0.694850     0.300000    
101251   468.118620   -2.809864    0.690890     0.300000    
101401   469.023627   -2.814029    0.692090     0.300000    
101551   469.830967   -2.818017    0.688680     0.300000    
101701   470.674773   -2.821415    0.688360     0.300000    
101851   471.593126   -2.825669    0.687110     0.300000    
102001   472.472617   -2.828876    0.685740     0.300000    
102151   473.312668   -2.832469    0.686320     0.300000    
102301   474.149966   -2.836132    0.683310     0.300000    
102451   474.989035   -2.840308    0.681600     0.300000    
102601   475.889228   -2.843689    0.680540     0.300000    
102751   476.840125   -2.847505    0.679870     0.300000    
102901   477.639089   -2.851122    0.681320     0.300000    
103051   478.482512   -2.855116    0.679840     0.300000    
103201   479.299563   -2.858712    0.675940     0.300000    
103351   480.113253   -2.862514    0.673630     0.300000    
103501   480.918219   -2.866302    0.678770     0.300000    
103651   481.722343   -2.870056    0.671600     0.300000    
103801   482.535393   -2.874190    0.670690     0.300000    
103951   483.391272   -2.877914    0.669560     0.300000    
104101   484.346959   -2.881613    0.669770     0.300000    
104251   485.343295   -2.885411    0.666990     0.300000    
104401   486.233278   -2.888823    0.668870     0.300000    
104551   487.192007   -2.891877    0.666900     0.300000    
104701   487.972335   -2.895801    0.664060     0.300000    
104851   488.747522   -2.899342    0.662730     0.300000    
105001   489.464863   -2.902879    0.660310     0.300000    
105151   490.218004   -2.906011    0.659280     0.300000    
105301   490.945163   -2.909416    0.659450     0.300000    
105451   491.673090   -2.912722    0.659360     0.300000    
105601   492.386373   -2.915731    0.657080     0.300000    
105751   493.142072   -2.919099    0.657890     0.300000    
105901   493.880505   -2.922160    0.651020     0.300000    
106051   494.627826   -2.925484    0.653510     0.300000    
106201   495.350631   -2.928919    0.653830     0.300000    
106351   496.080130   -2.932063    0.651670     0.300000    
106501   496.918945   -2.935468    0.652010     0.300000    
106651   497.727055   -2.938458    0.650230     0.300000    
106801   498.492885   -2.941382    0.647460     0.300000    
106951   499.352717   -2.944511    0.647170     0.300000    
107101   500.085289   -2.947376    0.643540     0.300000    
107251   500.816254   -2.950692    0.644870     0.300000    
107401   501.549025   -2.953835    0.642230     0.300000    
107551   502.327308   -2.956957    0.638190     0.300000    
107701   503.053745   -2.960243    0.635630     0.300000    
107851   503.777774   -2.962914    0.638150     0.300000    
108001   504.507141   -2.965975    0.636580     0.300000    
108151   505.228095   -2.968816    0.636320     0.300000    
108301   505.968044   -2.971591    0.633470     0.300000    
108451   506.711103   -2.974160    0.631350     0.300000    
108601   507.462508   -2.976957    0.630450     0.300000    
108751   508.338727   -2.979765    0.633780     0.300000    
108901   509.053735   -2.982378    0.630930     0.300000    
109051   509.776419   -2.985024    0.629080     0.300000    
109201   510.536471   -2.987846    0.626870     0.300000    
109351   511.254033   -2.990416    0.623340     0.300000    
109501   511.972482   -2.993076    0.624850     0.300000    
109651   512.683853   -2.995731    0.624230     0.300000    
109801   513.394412   -2.998646    0.622110     0.300000    
109951   514.151022   -3.001099    0.623650     0.300000    
110101   514.977199   -3.003787    0.620580     0.300000    
110251   515.695653   -3.006147    0.615340     0.300000    
110401   516.412473   -3.008713    0.615390     0.300000    
110551   517.129110   -3.011303    0.612710     0.300000    
110701   517.870765   -3.013974    0.613270     0.300000    
110851   518.752322   -3.016665    0.608780     0.300000    
111001   519.539294   -3.019044    0.611810     0.300000    
111151   520.277108   -3.021597    0.612000     0.300000    
111301   520.999656   -3.024249    0.610680     0.300000    
111451   521.719104   -3.026713    0.606060     0.300000    
111601   522.483473   -3.028998    0.606480     0.300000    
111751   523.248024   -3.031464    0.603900     0.300000    
111901   524.157295   -3.033715    0.604150     0.300000    
112051   524.925670   -3.036085    0.601640     0.300000    
112201   525.691147   -3.038400    0.600630     0.300000    
112351   526.443558   -3.040561    0.598380     0.300000    
112501   527.250101   -3.043030    0.593930     0.300000    
112651   528.022380   -3.045456    0.596070     0.300000    
112801   528.901019   -3.048021    0.593420     0.300000    
112951   529.821823   -3.050361    0.590860     0.300000    
113101   530.651787   -3.052678    0.593930     0.300000    
113251   531.398806   -3.055090    0.587660     0.300000    
113401   532.165993   -3.057808    0.586920     0.300000    
113551   532.927113   -3.060312    0.584300     0.300000    
113701   533.666316   -3.062548    0.584160     0.300000    
113851   534.398177   -3.064662    0.585260     0.300000    
114001   535.143053   -3.066718    0.583460     0.300000    
114151   535.881576   -3.069259    0.581650     0.300000    
114301   536.614512   -3.071466    0.579440     0.300000    
114451   537.398905   -3.073270    0.574960     0.300000    
114601   538.148877   -3.075684    0.575180     0.300000    
114751   538.895854   -3.077899    0.578360     0.300000    
114901   539.720584   -3.080239    0.572240     0.300000    
115051   540.586142   -3.082683    0.571430     0.300000    
115201   541.332842   -3.084624    0.571530     0.300000    
115351   542.103334   -3.086986    0.567020     0.300000    
115501   542.872966   -3.088945    0.565890     0.300000    
115651   543.616229   -3.091009    0.565600     0.300000    
115801   544.360455   -3.093000    0.564600     0.300000    
115951   545.133328   -3.094848    0.560920     0.300000    
116101   546.074328   -3.096649    0.560430     0.300000    
116251   546.916352   -3.098580    0.559040     0.300000    
116401   547.725252   -3.100484    0.557300     0.300000    
116551   548.842877   -3.102664    0.556220     0.300000    
116701   549.806579   -3.104625    0.555220     0.300000    
116851   551.058370   -3.106682    0.553180     0.300000    
117001   552.146281   -3.108670    0.549250     0.300000    
117151   553.117877   -3.110559    0.550260     0.300000    
117301   554.071437   -3.112461    0.547380     0.300000    
117451   554.944177   -3.114319    0.546810     0.300000    
117601   555.842382   -3.116316    0.545660     0.300000    
117751   556.686048   -3.118192    0.541890     0.300000    
117901   557.509347   -3.119946    0.540400     0.300000    
118051   558.339210   -3.121571    0.540900     0.300000    
118201   559.152288   -3.123044    0.540760     0.300000    
118351   560.024692   -3.124843    0.537330     0.300000    
118501   561.235428   -3.126634    0.537200     0.300000    
118651   562.062267   -3.128319    0.535950     0.300000    
118801   563.180969   -3.130085    0.531850     0.300000    
118951   564.401057   -3.131854    0.529170     0.300000    
119101   565.377220   -3.133357    0.527930     0.300000    
119251   566.243610   -3.135074    0.524970     0.300000    
119401   567.130151   -3.136663    0.527590     0.300000    
119551   567.973205   -3.138275    0.523600     0.300000    
119701   568.951254   -3.139845    0.521800     0.300000    
119851   569.904847   -3.141673    0.521550     0.300000    
120001   570.686361   -3.143198    0.517060     0.300000    
120151   571.755128   -3.144697    0.518910     0.300000    
120301   572.716996   -3.146210    0.514650     0.300000    
120451   573.483214   -3.147820    0.514500     0.300000    
120601   574.452318   -3.149754    0.508790     0.300000    
120751   575.430994   -3.151294    0.509920     0.300000    
120901   576.323563   -3.153078    0.509440     0.300000    
121051   577.209545   -3.154618    0.506710     0.300000    
121201   577.977469   -3.156064    0.504280     0.300000    
121351   578.918383   -3.157631    0.506140     0.300000    
121501   579.681590   -3.159016    0.740460     0.150000    
121651   580.451789   -3.160410    0.737680     0.150000    
121801   581.195208   -3.161770    0.739290     0.150000    
121951   582.134564   -3.163430    0.737740     0.150000    
122101   582.897913   -3.164711    0.738060     0.150000    
122251   583.642263   -3.166171    0.738080     0.150000    
122401   584.361761   -3.167604    0.731220     0.150000    
122551   585.133725   -3.169037    0.733490     0.150000    
122701   586.158432   -3.170534    0.732080     0.150000    
122851   587.324111   -3.172152    0.732020     0.150000    
123001   588.404063   -3.173706    0.728980     0.150000    
123151   589.344021   -3.175260    0.729290     0.150000    
123301   590.549447   -3.176723    0.726450     0.150000    
123451   592.021415   -3.177998    0.726110     0.150000    
123601   593.785398   -3.179599    0.727010     0.150000    
123751   594.763087   -3.180877    0.720460     0.150000    
123901   595.778159   -3.182206    0.724970     0.150000    
124051   596.725548   -3.183545    0.724090     0.150000    
124201   597.680690   -3.184792    0.725780     0.150000    
124351   598.710472   -3.186119    0.720030     0.150000    
124501   599.833652   -3.187365    0.720350     0.150000    
124651   600.855541   -3.188753    0.717000     0.150000    
124801   601.615235   -3.190044    0.719670     0.150000    
124951   602.393317   -3.191382    0.718720     0.150000    
125101   603.355972   -3.192609    0.714230     0.150000    
125251   604.145005   -3.194039    0.714100     0.150000    
125401   604.931500   -3.195196    0.714970     0.150000    
125551   605.735965   -3.196444    0.711330     0.150000    
125701   606.513921   -3.197677    0.711930     0.150000    
125851   607.320983   -3.198985    0.709200     0.150000    
126001   608.251133   -3.200240    0.710760     0.150000    
126151   609.061865   -3.201391    0.706380     0.150000    
126301   609.869957   -3.202492    0.708670     0.150000    
126451   610.716865   -3.203493    0.708230     0.150000    
126601   611.589933   -3.204669    0.707220     0.150000    
126751   612.511737   -3.205830    0.707490     0.150000    
126901   613.394014   -3.206931    0.700880     0.150000    
127051   614.461409   -3.207919    0.700330     0.150000    
127201   615.278997   -3.209021    0.705820     0.150000    
127351   616.073689   -3.210264    0.698000     0.150000    
127501   616.862354   -3.211272    0.697810     0.150000    
127651   617.649918   -3.212296    0.696600     0.150000    
127801   618.435348   -3.213255    0.699420     0.150000    
127951   619.217232   -3.214374    0.696900     0.150000    
128101   620.042566   -3.215486    0.692680     0.150000    
128251   620.829666   -3.216519    0.688900     0.150000    
128401   621.625626   -3.217501    0.692840     0.150000    
128551   622.428296   -3.218539    0.691180     0.150000    
128701   623.230554   -3.219609    0.688830     0.150000    
128851   624.178432   -3.220543    0.686560     0.150000    
129001   624.998933   -3.221644    0.692060     0.150000    
129151   625.850150   -3.222639    0.686250     0.150000    
129301   626.677682   -3.223778    0.688180     0.150000    
129451   627.690501   -3.224713    0.682420     0.150000    
129601   629.073270   -3.225799    0.682300     0.150000    
129751   630.476256   -3.226812    0.683740     0.150000    
129901   631.659529   -3.227865    0.680490     0.150000    
130051   633.204736   -3.228773    0.681300     0.150000    
130201   634.767529   -3.229863    0.676610     0.150000    
130351   635.872788   -3.230962    0.677040     0.150000    
130501   636.794501   -3.232055    0.674260     0.150000    
130651   637.680838   -3.232944    0.673510     0.150000    
130801   638.593306   -3.233884    0.673570     0.150000    
130951   639.876839   -3.234787    0.672410     0.150000    
131101   641.036531   -3.235746    0.671750     0.150000    
131251   641.943636   -3.236660    0.670810     0.150000    
131401   642.869621   -3.237513    0.668640     0.150000    
131551   643.821671   -3.238356    0.663410     0.150000    
131701   644.955644   -3.239275    0.666740     0.150000    
131851   646.203276   -3.240095    0.665770     0.150000    
132001   647.368753   -3.240974    0.663460     0.150000    
132151   648.316650   -3.241960    0.662580     0.150000    
132301   649.247199   -3.242950    0.660940     0.150000    
132451   650.163570   -3.243896    0.660230     0.150000    
132601   651.075436   -3.244825    0.657670     0.150000    
132751   651.982864   -3.245627    0.659530     0.150000    
132901   652.886763   -3.246483    0.656760     0.150000    
133051   653.783655   -3.247362    0.657570     0.150000    
133201   654.780813   -3.248236    0.653740     0.150000    
133351   655.708370   -3.249050    0.654570     0.150000    
133501   656.596210   -3.249837    0.648160     0.150000    
133651   657.568694   -3.250659    0.650290     0.150000    
133801   658.480195   -3.251416    0.650290     0.150000    
133951   659.391524   -3.252268    0.645150     0.150000    
134101   660.304255   -3.253024    0.647370     0.150000    
134251   661.232943   -3.253850    0.645710     0.150000    
134401   662.152868   -3.254690    0.641410     0.150000    
134551   663.082228   -3.255441    0.641180     0.150000    
134701   664.068706   -3.256134    0.638870     0.150000    
134851   665.033874   -3.256874    0.640250     0.150000    
135001   666.110333   -3.257567    0.635470     0.150000    
135151   667.119934   -3.258261    0.636830     0.150000    
135301   668.117696   -3.258989    0.631530     0.150000    
135451   669.115873   -3.259713    0.632000     0.150000    
135601   670.301295   -3.260450    0.635190     0.150000    
135751   671.317592   -3.261176    0.629280     0.150000    
135901   672.611633   -3.261874    0.628990     0.150000    
136051   673.604905   -3.262604    0.629990     0.150000    
136201   674.454944   -3.263436    0.623960     0.150000    
136351   675.239562   -3.264214    0.623300     0.150000    
136501   676.093834   -3.264880    0.622700     0.150000    
136651   677.005527   -3.265531    0.621350     0.150000    
136801   677.932868   -3.266163    0.622240     0.150000    
136951   678.977252   -3.266923    0.617960     0.150000    
137101   680.229414   -3.267556    0.617670     0.150000    
137251   681.243387   -3.268265    0.621340     0.150000    
137401   682.128467   -3.268929    0.615510     0.150000    
137551   683.008789   -3.269622    0.615010     0.150000    
137701   683.780884   -3.270334    0.613620     0.150000    
137851   684.582632   -3.270967    0.611390     0.150000    
138001   685.450080   -3.271711    0.609520     0.150000    
138151   686.526817   -3.272383    0.608580     0.150000    
138301   687.570974   -3.273083    0.606210     0.150000    
138451   688.516431   -3.273781    0.604670     0.150000    
138601   689.299348   -3.274399    0.606120     0.150000    
138751   690.071309   -3.275021    0.603180     0.150000    
138901   690.834363   -3.275608    0.599160     0.150000    
139051   691.584381   -3.276271    0.600450     0.150000    
139201   692.339162   -3.276881    0.599050     0.150000    
139351   693.117055   -3.277438    0.597410     0.150000    
139501   693.870705   -3.277998    0.595450     0.150000    
139651   694.612097   -3.278648    0.594980     0.150000    
139801   695.355746   -3.279208    0.593140     0.150000    
139951   696.102863   -3.279798    0.592450     0.150000    
140101   696.890092   -3.280381    0.590100     0.150000    
140251   697.731203   -3.280993    0.586850     0.150000    
140401   698.659209   -3.281524    0.585240     0.150000    
140551   699.458223   -3.282153    0.586020     0.150000    
140701   700.264571   -3.282708    0.587270     0.150000    
140851   701.144670   -3.283272    0.580750     0.150000    
141001   702.035689   -3.283763    0.579250     0.150000    
141151   702.827367   -3.284406    0.576990     0.150000    
141301   703.598680   -3.284960    0.579530     0.150000    
141451   704.398919   -3.285426    0.578800     0.150000    
141601   705.160950   -3.285894    0.573540     0.150000    
141751   705.909570   -3.286401    0.570410     0.150000    
141901   706.654056   -3.286933    0.573280     0.150000    
142051   707.391325   -3.287515    0.572150     0.150000    
142201   708.167779   -3.288019    0.567440     0.150000    
142351   709.099934   -3.288496    0.565080     0.150000    
142501   709.872827   -3.289009    0.566700     0.150000    
142651   710.630043   -3.289558    0.563100     0.150000    
142801   711.386442   -3.289993    0.563610     0.150000    
142951   712.182618   -3.290505    0.562360     0.150000    
143101   712.948075   -3.291042    0.562300     0.150000    
143251   713.709726   -3.291512    0.556360     0.150000    
143401   714.465776   -3.292055    0.555930     0.150000    
143551   715.227447   -3.292562    0.554490     0.150000    
143701   716.011197   -3.293078    0.553580     0.150000    
143851   716.890209   -3.293663    0.550970     0.150000    
144001   717.629748   -3.294159    0.546610     0.150000    
144151   718.367271   -3.294647    0.548670     0.150000    
144301   719.145582   -3.295167    0.545230     0.150000    
144451   720.039790   -3.295740    0.544360     0.150000    
144601   720.786321   -3.296197    0.544000     0.150000    
144751   721.518838   -3.296710    0.538620     0.150000    
144901   722.251898   -3.297122    0.535220     0.150000    
145051   722.995968   -3.297604    0.537720     0.150000    
145201   723.773365   -3.298036    0.536480     0.150000    
145351   724.518002   -3.298514    0.535540     0.150000    
145501   725.263570   -3.298970    0.533670     0.150000    
145651   726.009319   -3.299442    0.530300     0.150000    
145801   726.755114   -3.299892    0.528960     0.150000    
145951   727.554761   -3.300327    0.528390     0.150000    
146101   728.313533   -3.300768    0.528270     0.150000    
146251   729.065703   -3.301156    0.524750     0.150000    
146401   729.943067   -3.301587    0.523400     0.150000    
146551   730.746479   -3.302011    0.521920     0.150000    
146701   731.536475   -3.302448    0.519240     0.150000    
146851   732.409433   -3.302899    0.517160     0.150000    
147001   733.177205   -3.303324    0.517350     0.150000    
147151   733.920665   -3.303712    0.513960     0.150000    
147301   734.650174   -3.304122    0.509290     0.150000    
147451   735.486043   -3.304531    0.512380     0.150000    
147601   736.497261   -3.304962    0.507400     0.150000    
147751   737.468708   -3.305339    0.505710     0.150000    
147901   738.268317   -3.305714    0.506750     0.150000    
148051   739.064709   -3.306123    0.505930     0.150000    
148201   739.814913   -3.306492    0.736160     0.075000    
148351   740.655385   -3.306885    0.736880     0.075000    
148501   741.608786   -3.307262    0.740570     0.075000    
148651   742.381252   -3.307644    0.739780     0.075000    
148801   743.154385   -3.308020    0.736150     0.075000    
148951   743.921088   -3.308374    0.739110     0.075000    
149101   744.686774   -3.308784    0.737310     0.075000    
149251   745.446456   -3.309139    0.732190     0.075000    
149401   746.205965   -3.309553    0.733760     0.075000    
149551   746.964752   -3.309954    0.730280     0.075000    
149701   747.844300   -3.310309    0.730030     0.075000    
149851   748.651196   -3.310706    0.727660     0.075000    
150000   749.397321   -3.311087    0.728830     0.075000    
